Filepath,Optimistic,CPM,PERT,PERT SD,PERT (99%),BB/2 Mean,BB/2 SD,BB/2 (99%),Lognormal Mean,Lognormal SD,Lognormal (99%),Pessimistic,Number of Paths,Average Nodes/Path,Sim Min,Sim Mean,Sim SD,Sim Mode,Sim Median,Sim Skewness,Sim 99%,Sim Max,Sim Time (Seconds),a = ml / ,b = ml * ,Activity Distribution,Number of Simulations
Set 4.3 TF (high SP)_EV1,73.0,146,158.167,8.06,208.73,166.278,18.25,209.35,166.09,39.047,218.671,292.0,24,17.333,132.783,166.103,8.63,132.783,165.65,0.324,188.27,222.436,3.588,2.0,2.0,lognormal,1000000
Set 4.3 TF (high SP)_EV2,63.5,127,137.583,7.24,181.57,144.639,15.875,182.1,144.475,33.966,190.214,254.0,30,17.0,115.625,144.511,7.737,115.625,144.071,0.354,164.603,195.763,3.916,2.0,2.0,lognormal,1000000
Set 4.3 TF (high SP)_EV3,72.0,144,156.0,7.87,205.87,164.0,18.0,206.48,163.815,38.512,215.675,288.0,22,19.955,128.346,163.802,8.418,128.346,163.359,0.319,185.361,214.563,3.639,2.0,2.0,lognormal,1000000
Set 4.3 TF (high SP)_EV4,78.0,156,169.0,8.46,223.03,177.667,19.5,223.69,177.466,41.722,233.648,312.0,15,18.8,144.378,177.465,9.047,144.378,177.002,0.314,200.625,243.285,2.869,2.0,2.0,lognormal,1000000
Set 4.3 TF (high SP)_EV5,56.5,113,122.417,6.56,161.55,128.694,14.125,162.03,128.549,30.221,169.245,226.0,27,16.667,102.267,128.55,7.012,102.267,128.142,0.364,146.756,183.858,3.793,2.0,2.0,lognormal,1000000
Set 4.3 TF (high SP)_EV6,71.0,142,153.833,7.97,203.01,161.722,17.75,203.61,161.539,37.977,212.68,284.0,16,19.0,127.037,161.586,8.507,127.037,161.142,0.314,183.365,214.252,3.11,2.0,2.0,lognormal,1000000
Set 4.3 TF (high SP)_EV7,68.5,137,148.417,8.18,195.87,156.028,17.125,196.44,155.851,36.64,205.191,274.0,18,18.0,121.812,156.618,8.782,121.812,156.104,0.355,179.361,209.812,3.228,2.0,2.0,lognormal,1000000
Set 4.3 TF (high SP)_EV8,52.0,104,112.667,6.31,148.69,118.444,13.0,149.12,118.311,27.814,155.766,208.0,20,20.2,94.023,118.336,6.749,94.023,117.933,0.373,135.94,162.139,3.906,2.0,2.0,lognormal,1000000
Set 4.3 TF (high SP)_EV9,65.0,130,140.833,7.79,185.86,148.056,16.25,186.4,147.888,34.768,194.707,260.0,28,16.929,117.491,147.871,8.334,117.491,147.377,0.367,169.554,208.734,3.968,2.0,2.0,lognormal,1000000
Set 4.3 TF (high SP)_EV10,71.0,142,153.833,8.2,203.01,161.722,17.75,203.61,161.539,37.977,212.68,284.0,20,19.0,129.635,161.693,8.762,129.635,161.212,0.336,184.317,226.062,3.454,2.0,2.0,lognormal,1000000
Set 4.3 TF (high SP)_EV11,67.5,135,146.25,7.83,193.01,153.75,16.875,193.57,153.576,36.105,202.196,270.0,20,18.25,123.26,153.581,8.382,123.26,153.12,0.341,175.223,207.59,3.411,2.0,2.0,lognormal,1000000
Set 4.3 TF (high SP)_EV12,69.5,139,150.583,7.67,198.73,158.306,17.375,199.31,158.127,37.175,208.187,278.0,30,16.767,127.214,158.122,8.198,127.214,157.712,0.316,179.088,208.49,4.139,2.0,2.0,lognormal,1000000
Set 4.3 TF (high SP)_EV13,67.0,134,145.167,7.59,191.58,152.611,16.75,192.14,152.439,35.838,200.698,268.0,22,20.909,121.52,152.426,8.13,121.52,151.983,0.335,173.433,210.691,3.831,2.0,2.0,lognormal,1000000
Set 4.3 TF (high SP)_EV14,67.0,134,145.167,7.85,191.58,152.611,16.75,192.14,152.439,35.838,200.698,268.0,27,17.444,115.763,152.502,8.394,115.763,152.024,0.35,174.219,210.958,3.967,2.0,2.0,lognormal,1000000
Set 4.3 TF (high SP)_EV15,81.5,163,176.583,8.99,233.04,185.639,20.375,233.72,185.429,43.594,244.133,326.0,18,19.167,149.814,186.504,9.602,149.814,186.005,0.322,211.152,264.859,3.299,2.0,2.0,lognormal,1000000
Set 4.3 TF (high SP)_EV16,67.5,135,146.25,7.78,193.01,153.75,16.875,193.57,153.576,36.105,202.196,270.0,20,18.15,121.61,153.577,8.323,121.61,153.107,0.344,175.076,206.968,3.324,2.0,2.0,lognormal,1000000
Set 4.3 TF (high SP)_EV17,71.0,142,153.833,7.98,203.01,161.722,17.75,203.61,161.539,37.977,212.68,284.0,21,18.905,129.162,161.545,8.535,129.162,161.087,0.334,183.516,214.91,3.703,2.0,2.0,lognormal,1000000
Set 4.3 TF (high SP)_EV18,65.0,130,140.833,7.26,185.86,148.056,16.25,186.4,147.888,34.768,194.707,260.0,16,19.0,119.206,147.888,7.764,119.206,147.465,0.331,167.84,194.626,3.107,2.0,2.0,lognormal,1000000
Set 4.3 TF (high SP)_EV19,65.5,131,141.917,7.71,187.29,149.194,16.375,187.84,149.026,35.035,196.205,262.0,28,17.5,117.87,149.038,8.252,117.87,148.566,0.353,170.416,214.165,4.09,2.0,2.0,lognormal,1000000
Set 4.3 TF (high SP)_EV20,70.0,140,151.667,8.09,200.16,159.444,17.5,200.74,159.264,37.442,209.684,280.0,22,18.727,126.3,159.483,8.664,126.3,158.996,0.351,181.925,215.311,3.594,2.0,2.0,lognormal,1000000
Set 4.3 TF (high SP)_EV21,59.0,118,127.833,6.9,168.7,134.389,14.75,169.2,134.237,31.559,176.734,236.0,17,19.059,106.946,134.402,7.381,106.946,133.988,0.349,153.532,179.589,3.166,2.0,2.0,lognormal,1000000
Set 4.3 TF (high SP)_EV22,68.0,136,147.333,7.71,194.44,154.889,17.0,195.01,154.714,36.373,203.693,272.0,15,19.2,125.524,155.117,8.257,125.524,154.656,0.343,176.467,205.135,2.959,2.0,2.0,lognormal,1000000
Set 4.3 TF (high SP)_EV23,61.5,123,133.25,7.34,175.85,140.083,15.375,176.37,139.925,32.896,184.223,246.0,20,18.15,110.868,140.112,7.843,110.868,139.64,0.371,160.549,196.446,3.412,2.0,2.0,lognormal,1000000
Set 4.3 TF (high SP)_EV24,54.0,108,117.0,6.57,154.41,123.0,13.5,154.86,122.861,28.884,161.757,216.0,25,17.4,95.33,123.524,7.115,95.33,123.086,0.382,142.071,177.13,3.76,2.0,2.0,lognormal,1000000
Set 4.3 TF (high SP)_EV25,71.5,143,154.917,8.34,204.44,162.861,17.875,205.05,162.677,38.245,214.178,286.0,40,15.65,129.64,162.714,8.912,129.64,162.22,0.341,185.699,215.571,4.785,2.0,2.0,lognormal,1000000
Set 4.3 TF (high SP)_EV26,57.0,114,123.5,6.68,162.98,129.833,14.25,163.46,129.687,30.489,170.743,228.0,21,18.667,102.003,129.768,7.134,102.003,129.351,0.355,148.232,177.919,3.586,2.0,2.0,lognormal,1000000
Set 4.3 TF (high SP)_EV27,59.0,118,127.833,6.85,168.7,134.389,14.75,169.2,134.237,31.559,176.734,236.0,22,17.818,106.875,134.246,7.327,106.875,133.829,0.353,153.219,179.72,3.569,2.0,2.0,lognormal,1000000
Set 4.3 TF (high SP)_EV28,72.0,144,156.0,8.15,205.87,164.0,18.0,206.48,163.815,38.512,215.675,288.0,24,17.25,130.127,164.702,8.66,130.127,164.232,0.325,186.964,221.579,3.65,2.0,2.0,lognormal,1000000
Set 4.3 TF (high SP)_EV29,64.5,129,139.75,7.33,184.43,146.917,16.125,184.97,146.751,34.501,193.209,258.0,20,18.25,116.691,146.739,7.831,116.691,146.317,0.34,166.939,197.811,3.355,2.0,2.0,lognormal,1000000
Set 4.3 TF (high SP)_EV30,69.5,139,150.583,7.77,198.73,158.306,17.375,199.31,158.127,37.175,208.187,278.0,33,17.061,126.882,158.149,8.31,126.882,157.709,0.326,179.485,216.126,4.39,2.0,2.0,lognormal,1000000
Set 4.3 TF (high SP)_EV31,65.5,131,141.917,7.67,187.29,149.194,16.375,187.84,149.026,35.035,196.205,262.0,28,17.286,118.923,149.027,8.206,118.923,148.563,0.351,170.224,197.218,4.049,2.0,2.0,lognormal,1000000
Set 4.3 TF (high SP)_EV32,63.5,127,137.583,7.5,181.57,144.639,15.875,182.1,144.475,33.966,190.214,254.0,20,19.7,114.266,144.49,8.019,114.266,144.035,0.357,165.275,198.543,3.568,2.0,2.0,lognormal,1000000
Set 4.3 TF (high SP)_EV33,79.5,159,172.25,8.89,227.32,181.083,19.875,227.99,180.879,42.524,238.142,318.0,25,18.04,143.871,180.875,9.517,143.871,180.364,0.323,205.271,245.001,3.922,2.0,2.0,lognormal,1000000
Set 4.3 TF (high SP)_EV34,65.0,130,140.833,7.81,185.86,148.056,16.25,186.4,147.888,34.768,194.707,260.0,32,17.125,118.302,147.888,8.359,118.302,147.396,0.364,169.636,201.664,4.438,2.0,2.0,lognormal,1000000
Set 4.3 TF (high SP)_EV35,58.0,116,125.667,6.98,165.84,132.111,14.5,166.33,131.962,31.024,173.739,232.0,17,20.0,104.142,131.974,7.468,104.142,131.531,0.374,151.462,202.036,3.317,2.0,2.0,lognormal,1000000
Set 4.3 TF (high SP)_EV36,66.0,132,143.0,7.55,188.72,150.333,16.5,189.27,150.163,35.303,197.702,264.0,21,20.048,120.423,150.19,8.075,120.423,149.747,0.341,171.062,201.397,3.646,2.0,2.0,lognormal,1000000
Set 4.3 TF (high SP)_EV37,61.0,122,132.167,7.07,174.42,138.944,15.25,174.93,138.787,32.628,182.725,244.0,20,17.55,110.713,138.79,7.56,110.713,138.363,0.353,158.335,189.025,3.443,2.0,2.0,lognormal,1000000
Set 4.3 TF (high SP)_EV38,67.0,134,145.167,7.49,191.58,152.611,16.75,192.14,152.439,35.838,200.698,268.0,17,20.588,122.373,152.443,8.015,122.373,152.014,0.334,173.11,206.769,3.309,2.0,2.0,lognormal,1000000
Set 4.3 TF (high SP)_EV39,61.5,123,133.25,7.24,175.85,140.083,15.375,176.37,139.925,32.896,184.223,246.0,15,19.733,110.754,139.934,7.747,110.754,139.484,0.356,160.003,186.14,3.071,2.0,2.0,lognormal,1000000
Set 4.3 TF (high SP)_EV40,71.5,143,154.917,8.21,204.44,162.861,17.875,205.05,162.677,38.245,214.178,286.0,18,19.556,127.917,163.699,8.736,127.917,163.216,0.334,186.198,217.231,3.31,2.0,2.0,lognormal,1000000
Set 4.3 TF (high SP)_EV41,64.0,128,138.667,7.43,183.0,145.778,16.0,183.54,145.613,34.233,191.711,256.0,18,18.889,114.195,145.982,7.967,114.195,145.534,0.349,166.579,200.894,3.251,2.0,2.0,lognormal,1000000
Set 4.3 TF (high SP)_EV42,62.0,124,134.333,7.18,177.28,141.222,15.5,177.8,141.063,33.163,185.72,248.0,24,17.667,112.046,141.909,7.739,112.046,141.467,0.348,161.909,197.062,3.669,2.0,2.0,lognormal,1000000
Set 4.3 TF (high SP)_EV43,71.0,142,153.833,8.05,203.01,161.722,17.75,203.61,161.539,37.977,212.68,284.0,18,17.167,129.456,161.685,8.6,129.456,161.198,0.344,183.895,219.222,3.14,2.0,2.0,lognormal,1000000
Set 4.3 TF (high SP)_EV44,66.5,133,144.083,7.36,190.15,151.472,16.625,190.71,151.301,35.57,199.2,266.0,24,18.75,121.456,151.292,7.88,121.456,150.864,0.334,171.609,212.776,3.835,2.0,2.0,lognormal,1000000
Set 4.3 TF (high SP)_EV45,64.5,129,139.75,7.44,184.43,146.917,16.125,184.97,146.751,34.501,193.209,258.0,18,19.778,115.961,146.738,7.955,115.961,146.287,0.35,167.344,196.521,3.356,2.0,2.0,lognormal,1000000
Set 4.3 TF (high SP)_EV46,60.5,121,131.083,6.81,172.99,137.806,15.125,173.5,137.65,32.361,181.227,242.0,21,18.714,108.962,137.644,7.28,108.962,137.234,0.344,156.451,184.619,3.615,2.0,2.0,lognormal,1000000
Set 4.3 TF (high SP)_EV47,60.0,120,130.0,6.65,171.56,136.667,15.0,172.07,136.512,32.094,179.729,240.0,21,19.048,110.012,136.515,7.109,110.012,136.138,0.326,154.767,185.577,3.565,2.0,2.0,lognormal,1000000
Set 4.3 TF (high SP)_EV48,57.5,115,124.583,6.82,164.41,130.972,14.375,164.9,130.824,30.756,172.241,230.0,18,19.611,103.741,130.955,7.298,103.741,130.52,0.366,149.912,177.833,3.323,2.0,2.0,lognormal,1000000
Set 4.3 TF (high SP)_EV49,72.0,144,156.0,7.79,205.87,164.0,18.0,206.48,163.815,38.512,215.675,288.0,15,19.333,129.021,163.812,8.34,129.021,163.397,0.302,185.111,215.632,3.052,2.0,2.0,lognormal,1000000
Set 4.3 TF (high SP)_EV50,66.0,132,143.0,7.77,188.72,150.333,16.5,189.27,150.163,35.303,197.702,264.0,14,19.786,118.462,150.16,8.307,118.462,149.669,0.361,171.712,212.473,3.006,2.0,2.0,lognormal,1000000
Set 4.3 TF (high SP)_EV51,61.0,122,132.167,7.36,174.42,138.944,15.25,174.93,138.787,32.628,182.725,244.0,18,20.444,110.986,141.336,7.771,110.986,140.884,0.36,161.478,194.93,3.355,2.0,2.0,lognormal,1000000
Set 4.3 TF (high SP)_EV52,76.5,153,165.75,8.74,218.74,174.25,19.125,219.38,174.053,40.919,229.155,306.0,24,17.25,140.38,174.568,9.341,140.38,174.064,0.328,198.568,234.542,3.726,2.0,2.0,lognormal,1000000
Set 4.3 TF (high SP)_EV53,63.0,126,136.5,7.25,180.14,143.5,15.75,180.67,143.338,33.698,188.716,252.0,28,17.071,112.909,143.348,7.75,112.909,142.916,0.345,163.354,200.104,4.005,2.0,2.0,lognormal,1000000
Set 4.3 TF (high SP)_EV54,57.0,114,123.5,6.49,162.98,129.833,14.25,163.46,129.687,30.489,170.743,228.0,21,17.857,103.853,129.692,6.933,103.853,129.294,0.352,147.66,178.939,3.524,2.0,2.0,lognormal,1000000
Set 4.3 TF (high SP)_EV55,59.5,119,128.917,7.08,170.13,135.528,14.875,170.63,135.375,31.826,178.232,238.0,24,17.75,107.98,135.992,7.531,107.98,135.555,0.368,155.605,188.233,3.757,2.0,2.0,lognormal,1000000
Set 4.3 TF (high SP)_EV56,74.0,148,160.333,8.57,211.59,168.556,18.5,212.21,168.365,39.582,221.666,296.0,18,18.0,133.591,168.364,9.167,133.591,167.869,0.333,191.931,226.038,3.208,2.0,2.0,lognormal,1000000
Set 4.3 TF (high SP)_EV57,63.0,126,136.5,7.24,180.14,143.5,15.75,180.67,143.338,33.698,188.716,252.0,21,19.286,109.707,143.682,7.739,109.707,143.242,0.348,163.684,190.113,3.605,2.0,2.0,lognormal,1000000
Set 4.3 TF (high SP)_EV58,70.0,140,151.667,8.18,200.16,159.444,17.5,200.74,159.264,37.442,209.684,280.0,16,19.0,124.596,159.262,8.743,124.596,158.773,0.336,181.791,212.893,3.134,2.0,2.0,lognormal,1000000
Set 4.3 TF (high SP)_EV59,66.0,132,143.0,7.77,188.72,150.333,16.5,189.27,150.163,35.303,197.702,264.0,20,22.2,120.004,150.168,8.319,120.004,149.687,0.354,171.711,202.323,3.735,2.0,2.0,lognormal,1000000
Set 4.3 TF (high SP)_EV60,67.0,134,145.167,7.75,191.58,152.611,16.75,192.14,152.439,35.838,200.698,268.0,16,19.0,122.029,152.719,8.303,122.029,152.258,0.345,174.203,208.756,3.094,2.0,2.0,lognormal,1000000
Set 4.3 TF (high SP)_EV61,49.0,98,106.167,6.22,140.11,111.611,12.25,140.52,111.485,26.21,146.779,196.0,24,17.583,87.208,111.523,6.648,87.208,111.102,0.392,128.923,154.337,3.725,2.0,2.0,lognormal,1000000
Set 4.3 TF (high SP)_EV62,71.0,142,153.833,8.28,203.01,161.722,17.75,203.61,161.539,37.977,212.68,284.0,21,17.857,126.603,161.54,8.873,126.603,161.034,0.344,184.464,212.296,3.515,2.0,2.0,lognormal,1000000
Set 4.3 TF (high SP)_EV63,66.5,133,144.083,7.5,190.15,151.472,16.625,190.71,151.301,35.57,199.2,266.0,16,17.75,121.789,151.305,8.021,121.789,150.871,0.333,171.941,203.384,3.074,2.0,2.0,lognormal,1000000
Set 4.3 TF (high SP)_EV64,70.0,140,151.667,7.86,200.16,159.444,17.5,200.74,159.264,37.442,209.684,280.0,15,19.067,125.516,159.254,8.401,125.516,158.801,0.33,180.82,222.636,3.031,2.0,2.0,lognormal,1000000
Set 4.3 TF (high SP)_EV65,69.5,139,150.583,8.0,198.73,158.306,17.375,199.31,158.127,37.175,208.187,278.0,16,19.0,126.382,158.454,8.545,126.382,157.977,0.339,180.539,218.106,3.075,2.0,2.0,lognormal,1000000
Set 4.3 TF (high SP)_EV66,63.0,126,136.5,7.06,180.14,143.5,15.75,180.67,143.338,33.698,188.716,252.0,26,17.654,115.194,143.358,7.55,115.194,142.948,0.337,162.843,192.571,3.965,2.0,2.0,lognormal,1000000
Set 4.3 TF (high SP)_EV67,72.0,144,156.0,8.05,205.87,164.0,18.0,206.48,163.815,38.512,215.675,288.0,18,18.222,131.119,163.904,8.621,131.119,163.431,0.336,186.123,216.893,3.287,2.0,2.0,lognormal,1000000
Set 4.3 TF (high SP)_EV68,64.0,128,138.667,7.79,183.0,145.778,16.0,183.54,145.613,34.233,191.711,256.0,20,19.1,115.341,145.949,8.346,115.341,145.446,0.371,167.683,194.568,3.481,2.0,2.0,lognormal,1000000
Set 4.3 TF (high SP)_EV69,50.5,101,109.417,5.86,144.4,115.028,12.625,144.82,114.898,27.012,151.272,202.0,19,18.526,91.524,114.905,6.264,91.524,114.529,0.366,131.201,162.282,3.407,2.0,2.0,lognormal,1000000
Set 4.3 TF (high SP)_EV70,62.5,125,135.417,7.16,178.71,142.361,15.625,179.24,142.2,33.431,187.218,250.0,22,20.909,113.766,143.135,7.677,113.766,142.706,0.344,162.976,192.211,3.892,2.0,2.0,lognormal,1000000
Set 4.3 TF (high SP)_EV71,59.0,118,127.833,6.89,168.7,134.389,14.75,169.2,134.237,31.559,176.734,236.0,26,17.462,103.902,134.229,7.366,103.902,133.807,0.358,153.348,183.176,3.939,2.0,2.0,lognormal,1000000
Set 4.3 TF (high SP)_EV72,75.5,151,163.583,8.4,215.88,171.972,18.875,216.52,171.778,40.384,226.16,302.0,30,18.167,137.564,171.914,8.964,137.564,171.439,0.324,194.91,229.354,4.345,2.0,2.0,lognormal,1000000
Set 4.3 TF (high SP)_EV73,60.0,120,130.0,6.96,171.56,136.667,15.0,172.07,136.512,32.094,179.729,240.0,18,19.167,109.331,136.542,7.448,109.331,136.116,0.352,155.845,183.392,3.397,2.0,2.0,lognormal,1000000
Set 4.3 TF (high SP)_EV74,47.5,95,102.917,5.79,135.82,108.194,11.875,136.22,108.072,25.407,142.286,190.0,19,19.737,85.785,108.367,6.207,85.785,107.973,0.396,124.657,152.574,3.489,2.0,2.0,lognormal,1000000
Set 4.3 TF (high SP)_EV75,66.5,133,144.083,7.5,190.15,151.472,16.625,190.71,151.301,35.57,199.2,266.0,30,16.633,118.886,151.287,8.023,118.886,150.838,0.344,172.022,207.684,4.176,2.0,2.0,lognormal,1000000
Set 4.3 TF (high SP)_EV76,67.5,135,146.25,7.73,193.01,153.75,16.875,193.57,153.576,36.105,202.196,270.0,14,19.643,120.038,153.594,8.265,120.038,153.132,0.342,174.928,207.136,3.003,2.0,2.0,lognormal,1000000
Set 4.3 TF (high SP)_EV77,63.0,126,136.5,7.42,180.14,143.5,15.75,180.67,143.338,33.698,188.716,252.0,15,19.333,112.532,143.334,7.932,112.532,142.882,0.354,163.908,197.637,4.791,2.0,2.0,lognormal,1000000
Set 4.3 TF (high SP)_EV78,55.5,111,120.25,6.41,158.69,126.417,13.875,159.16,126.274,29.687,166.25,222.0,28,17.5,102.257,126.403,6.847,102.257,125.997,0.368,144.201,173.301,6.585,2.0,2.0,lognormal,1000000
Set 4.3 TF (high SP)_EV79,68.0,136,147.333,7.79,194.44,154.889,17.0,195.01,154.714,36.373,203.693,272.0,20,15.5,124.988,154.723,8.336,124.988,154.265,0.339,176.211,209.823,4.095,2.0,2.0,lognormal,1000000
Set 4.3 TF (high SP)_EV80,71.0,142,153.833,7.92,203.01,161.722,17.75,203.61,161.539,37.977,212.68,284.0,28,18.214,128.648,161.611,8.477,128.648,161.149,0.333,183.485,216.146,5.059,2.0,2.0,lognormal,1000000
Set 4.3 TF (high SP)_EV81,67.5,135,146.25,7.55,193.01,153.75,16.875,193.57,153.576,36.105,202.196,270.0,14,19.786,122.736,153.802,8.06,122.736,153.381,0.326,174.552,208.173,3.289,2.0,2.0,lognormal,1000000
Set 4.3 TF (high SP)_EV82,52.5,105,113.75,6.03,150.12,119.583,13.125,150.56,119.448,28.082,157.263,210.0,25,18.08,95.804,119.613,6.448,95.804,119.242,0.355,136.317,164.65,4.296,2.0,2.0,lognormal,1000000
Set 4.3 TF (high SP)_EV83,71.0,142,153.833,8.18,203.01,161.722,17.75,203.61,161.539,37.977,212.68,284.0,22,18.5,128.752,161.551,8.74,128.752,161.062,0.341,184.093,214.844,4.087,2.0,2.0,lognormal,1000000
Set 4.3 TF (high SP)_EV84,71.0,142,153.833,7.8,203.01,161.722,17.75,203.61,161.539,37.977,212.68,284.0,25,17.6,124.465,161.551,8.35,124.465,161.119,0.317,182.972,214.066,4.087,2.0,2.0,lognormal,1000000
Set 4.3 TF (high SP)_EV85,71.0,142,153.833,7.74,203.01,161.722,17.75,203.61,161.539,37.977,212.68,284.0,21,18.19,130.679,161.538,8.262,130.679,161.104,0.319,182.767,212.071,3.728,2.0,2.0,lognormal,1000000
Set 4.3 TF (high SP)_EV86,72.5,145,157.083,8.22,207.3,165.139,18.125,207.91,164.952,38.78,217.173,290.0,22,20.364,131.361,164.975,8.777,131.361,164.496,0.332,187.551,224.246,3.929,2.0,2.0,lognormal,1000000
Set 4.3 TF (high SP)_EV87,61.0,122,132.167,7.25,174.42,138.944,15.25,174.93,138.787,32.628,182.725,244.0,36,16.833,108.652,138.799,7.768,108.652,138.341,0.366,158.998,186.809,4.845,2.0,2.0,lognormal,1000000
Set 4.3 TF (high SP)_EV88,65.0,130,140.833,7.49,185.86,148.056,16.25,186.4,147.888,34.768,194.707,260.0,18,18.444,117.194,147.886,8.011,117.194,147.43,0.349,168.667,206.23,3.314,2.0,2.0,lognormal,1000000
Set 4.3 TF (high SP)_EV89,58.0,116,125.667,6.66,165.84,132.111,14.5,166.33,131.962,31.024,173.739,232.0,16,19.75,105.277,131.961,7.112,105.277,131.569,0.343,150.364,173.447,3.256,2.0,2.0,lognormal,1000000
Set 4.3 TF (high SP)_EV90,59.0,118,127.833,7.0,168.7,134.389,14.75,169.2,134.237,31.559,176.734,236.0,21,18.905,106.285,134.245,7.487,106.285,133.822,0.363,153.712,183.375,3.612,2.0,2.0,lognormal,1000000
Set 4.3 TF (high SP)_EV91,60.0,120,130.0,6.99,171.56,136.667,15.0,172.07,136.512,32.094,179.729,240.0,24,17.0,108.223,136.51,7.47,108.223,136.09,0.355,155.87,187.04,3.733,2.0,2.0,lognormal,1000000
Set 4.3 TF (high SP)_EV92,64.0,128,138.667,7.66,183.0,145.778,16.0,183.54,145.613,34.233,191.711,256.0,26,20.808,115.583,145.847,8.177,115.583,145.369,0.363,167.079,200.446,4.32,2.0,2.0,lognormal,1000000
Set 4.3 TF (high SP)_EV93,76.5,153,165.75,8.57,218.74,174.25,19.125,219.38,174.053,40.919,229.155,306.0,24,17.75,137.125,174.392,9.187,137.125,173.888,0.335,198.043,228.509,3.819,2.0,2.0,lognormal,1000000
Set 4.3 TF (high SP)_EV94,57.5,115,124.583,7.15,164.41,130.972,14.375,164.9,130.824,30.756,172.241,230.0,36,16.5,102.591,131.009,7.661,102.591,130.555,0.374,150.976,183.415,4.686,2.0,2.0,lognormal,1000000
Set 4.3 TF (high SP)_EV95,65.5,131,141.917,7.92,187.29,149.194,16.375,187.84,149.026,35.035,196.205,262.0,17,22.824,118.175,149.747,8.412,118.175,149.264,0.353,171.49,218.762,3.512,2.0,2.0,lognormal,1000000
Set 4.3 TF (high SP)_EV96,67.0,134,145.167,7.83,191.58,152.611,16.75,192.14,152.439,35.838,200.698,268.0,27,16.519,120.086,152.442,8.379,120.086,151.973,0.349,174.125,207.31,3.942,2.0,2.0,lognormal,1000000
Set 4.3 TF (high SP)_EV97,73.0,146,158.167,8.25,208.73,166.278,18.25,209.35,166.09,39.047,218.671,292.0,11,22.364,129.519,166.083,8.829,129.519,165.603,0.334,188.844,221.728,2.816,2.0,2.0,lognormal,1000000
Set 4.3 TF (high SP)_EV98,66.0,132,143.0,7.31,188.72,150.333,16.5,189.27,150.163,35.303,197.702,264.0,26,18.077,120.77,150.171,7.839,120.77,149.761,0.323,170.278,197.622,4.093,2.0,2.0,lognormal,1000000
Set 4.3 TF (high SP)_EV99,80.0,160,173.333,9.06,228.75,182.222,20.0,229.42,182.016,42.791,239.639,320.0,30,17.267,143.553,181.992,9.689,143.553,181.479,0.323,206.865,239.87,4.3,2.0,2.0,lognormal,1000000
Set 4.3 TF (high SP)_EV100,57.0,114,123.5,6.62,162.98,129.833,14.25,163.46,129.687,30.489,170.743,228.0,16,20.25,102.403,129.81,7.098,102.403,129.387,0.359,148.267,180.471,3.247,2.0,2.0,lognormal,1000000
Set 4.3 TF (high SP)_EV101,64.5,129,139.75,7.12,184.43,146.917,16.125,184.97,146.751,34.501,193.209,258.0,11,15.182,118.089,146.763,7.613,118.089,146.365,0.322,166.34,197.625,2.501,2.0,2.0,lognormal,1000000
Set 4.3 TF (high SP)_EV102,68.0,136,147.333,7.87,194.44,154.889,17.0,195.01,154.714,36.373,203.693,272.0,12,14.667,123.688,154.722,8.416,123.688,154.238,0.356,176.588,207.068,2.601,2.0,2.0,lognormal,1000000
Set 4.3 TF (high SP)_EV103,69.0,138,149.5,7.88,197.3,157.167,17.25,197.88,156.989,36.908,206.689,276.0,12,16.417,123.296,157.093,8.441,123.296,156.631,0.336,178.871,212.347,2.624,2.0,2.0,lognormal,1000000
Set 4.3 TF (high SP)_EV104,62.5,125,135.417,7.25,178.71,142.361,15.625,179.24,142.2,33.431,187.218,250.0,13,16.385,113.054,142.194,7.756,113.054,141.748,0.354,162.355,193.551,2.718,2.0,2.0,lognormal,1000000
Set 4.3 TF (high SP)_EV105,73.5,147,159.25,8.17,210.16,167.417,18.375,210.78,167.227,39.315,220.169,294.0,8,18.25,135.805,167.242,8.733,135.805,166.792,0.316,189.661,223.479,2.342,2.0,2.0,lognormal,1000000
Set 4.3 TF (high SP)_EV106,54.0,108,117.0,6.54,154.41,123.0,13.5,154.86,122.861,28.884,161.757,216.0,14,14.643,96.826,122.866,6.986,96.826,122.439,0.378,141.098,171.544,2.696,2.0,2.0,lognormal,1000000
Set 4.3 TF (high SP)_EV107,62.0,124,134.333,7.25,177.28,141.222,15.5,177.8,141.063,33.163,185.72,248.0,13,14.154,112.423,141.062,7.755,112.423,140.619,0.346,161.088,188.39,2.641,2.0,2.0,lognormal,1000000
Set 4.3 TF (high SP)_EV108,70.5,141,152.75,8.15,201.59,160.583,17.625,202.18,160.402,37.71,211.182,282.0,14,14.071,129.04,160.392,8.721,129.04,159.905,0.344,182.905,226.551,2.67,2.0,2.0,lognormal,1000000
Set 4.3 TF (high SP)_EV109,62.5,125,135.417,7.1,178.71,142.361,15.625,179.24,142.2,33.431,187.218,250.0,10,17.9,115.062,142.199,7.599,115.062,141.792,0.333,161.784,192.091,2.523,2.0,2.0,lognormal,1000000
Set 4.3 TF (high SP)_EV110,60.5,121,131.083,7.22,172.99,137.806,15.125,173.5,137.65,32.361,181.227,242.0,14,13.786,109.105,137.649,7.718,109.105,137.194,0.37,157.754,188.455,2.653,2.0,2.0,lognormal,1000000
Set 4.3 TF (high SP)_EV111,57.5,115,124.583,6.84,164.41,130.972,14.375,164.9,130.824,30.756,172.241,230.0,11,13.727,103.055,130.827,7.329,103.055,130.408,0.355,149.856,177.977,2.417,2.0,2.0,lognormal,1000000
Set 4.3 TF (high SP)_EV112,68.0,136,147.333,7.9,194.44,154.889,17.0,195.01,154.714,36.373,203.693,272.0,14,14.357,122.263,154.722,8.452,122.263,154.25,0.345,176.585,203.898,2.706,2.0,2.0,lognormal,1000000
Set 4.3 TF (high SP)_EV113,56.0,112,121.333,6.46,160.12,127.556,14.0,160.59,127.411,29.954,167.748,224.0,8,16.25,101.627,127.734,6.943,101.627,127.33,0.363,145.782,172.175,2.274,2.0,2.0,lognormal,1000000
Set 4.3 TF (high SP)_EV114,72.5,145,157.083,8.24,207.3,165.139,18.125,207.91,164.952,38.78,217.173,290.0,8,18.0,129.613,164.953,8.809,129.613,164.471,0.336,187.673,224.891,2.347,2.0,2.0,lognormal,1000000
Set 4.3 TF (high SP)_EV115,76.5,153,165.75,8.44,218.74,174.25,19.125,219.38,174.053,40.919,229.155,306.0,7,18.0,135.05,174.049,9.042,135.05,173.571,0.32,197.25,227.202,2.23,2.0,2.0,lognormal,1000000
Set 4.3 TF (high SP)_EV116,65.0,130,140.833,7.41,185.86,148.056,16.25,186.4,147.888,34.768,194.707,260.0,11,15.909,118.023,147.881,7.928,118.023,147.431,0.343,168.369,200.59,2.547,2.0,2.0,lognormal,1000000
Set 4.3 TF (high SP)_EV117,63.0,126,136.5,7.24,180.14,143.5,15.75,180.67,143.338,33.698,188.716,252.0,12,15.417,112.639,143.38,7.746,112.639,142.94,0.354,163.475,197.801,2.565,2.0,2.0,lognormal,1000000
Set 4.3 TF (high SP)_EV118,66.0,132,143.0,7.53,188.72,150.333,16.5,189.27,150.163,35.303,197.702,264.0,8,17.5,116.767,150.147,8.057,116.767,149.694,0.349,170.996,207.298,2.32,2.0,2.0,lognormal,1000000
Set 4.3 TF (high SP)_EV119,70.0,140,151.667,7.98,200.16,159.444,17.5,200.74,159.264,37.442,209.684,280.0,12,16.333,126.822,159.271,8.546,126.822,158.802,0.337,181.297,213.862,2.67,2.0,2.0,lognormal,1000000
Set 4.3 TF (high SP)_EV120,68.5,137,148.417,7.69,195.87,156.028,17.125,196.44,155.851,36.64,205.191,274.0,14,13.786,124.246,155.845,8.223,124.246,155.395,0.333,177.033,211.017,2.69,2.0,2.0,lognormal,1000000
Set 4.3 TF (high SP)_EV121,63.5,127,137.583,7.23,181.57,144.639,15.875,182.1,144.475,33.966,190.214,254.0,8,16.25,116.406,144.473,7.742,116.406,144.045,0.343,164.44,197.853,2.249,2.0,2.0,lognormal,1000000
Set 4.3 TF (high SP)_EV122,71.5,143,154.917,8.04,204.44,162.861,17.875,205.05,162.677,38.245,214.178,286.0,9,16.222,130.596,162.689,8.612,130.596,162.227,0.33,184.833,221.648,2.345,2.0,2.0,lognormal,1000000
Set 4.3 TF (high SP)_EV123,62.0,124,134.333,7.1,177.28,141.222,15.5,177.8,141.063,33.163,185.72,248.0,7,18.0,113.438,141.061,7.598,113.438,140.645,0.336,160.615,188.538,2.273,2.0,2.0,lognormal,1000000
Set 4.3 TF (high SP)_EV124,70.5,141,152.75,8.0,201.59,160.583,17.625,202.18,160.402,37.71,211.182,282.0,13,15.385,128.256,160.406,8.564,128.256,159.936,0.332,182.446,211.869,2.751,2.0,2.0,lognormal,1000000
Set 4.3 TF (high SP)_EV125,48.5,97,105.083,5.94,138.68,110.472,12.125,139.09,110.347,25.942,145.281,194.0,16,14.438,88.145,111.08,6.493,88.145,110.649,0.409,128.153,156.618,2.883,2.0,2.0,lognormal,1000000
Set 4.3 TF (high SP)_EV126,71.0,142,153.833,7.9,203.01,161.722,17.75,203.61,161.539,37.977,212.68,284.0,11,15.273,126.137,161.525,8.435,126.137,161.067,0.329,183.198,216.292,2.512,2.0,2.0,lognormal,1000000
Set 4.3 TF (high SP)_EV127,74.5,149,161.417,8.2,213.02,169.694,18.625,213.65,169.503,39.849,223.164,298.0,12,14.667,136.516,169.507,8.77,136.516,169.046,0.324,192.075,228.492,2.545,2.0,2.0,lognormal,1000000
Set 4.3 TF (high SP)_EV128,68.0,136,147.333,7.73,194.44,154.889,17.0,195.01,154.714,36.373,203.693,272.0,13,14.538,121.662,154.724,8.268,121.662,154.278,0.342,176.088,203.533,2.638,2.0,2.0,lognormal,1000000
Set 4.3 TF (high SP)_EV129,72.5,145,157.083,8.01,207.3,165.139,18.125,207.91,164.952,38.78,217.173,290.0,13,13.615,133.762,164.952,8.574,133.762,164.501,0.327,187.027,225.73,2.582,2.0,2.0,lognormal,1000000
Set 4.3 TF (high SP)_EV130,63.5,127,137.583,7.27,181.57,144.639,15.875,182.1,144.475,33.966,190.214,254.0,7,18.0,116.116,144.469,7.765,116.116,144.033,0.351,164.598,194.146,2.228,2.0,2.0,lognormal,1000000
Set 4.3 TF (high SP)_EV131,66.5,133,144.083,7.57,190.15,151.472,16.625,190.71,151.301,35.57,199.2,266.0,8,18.0,120.304,151.294,8.096,120.304,150.85,0.345,172.215,206.016,2.32,2.0,2.0,lognormal,1000000
Set 4.3 TF (high SP)_EV132,64.5,129,139.75,7.53,184.43,146.917,16.125,184.97,146.751,34.501,193.209,258.0,6,17.833,116.642,146.76,8.056,116.642,146.303,0.351,167.585,197.84,2.127,2.0,2.0,lognormal,1000000
Set 4.3 TF (high SP)_EV133,75.0,150,162.5,8.57,214.45,170.833,18.75,215.08,170.64,40.117,224.662,300.0,9,17.444,136.127,170.649,9.171,136.127,170.153,0.333,194.25,231.178,2.44,2.0,2.0,lognormal,1000000
Set 4.3 TF (high SP)_EV134,75.5,151,163.583,8.33,215.88,171.972,18.875,216.52,171.778,40.384,226.16,302.0,11,16.182,139.169,171.761,8.909,139.169,171.3,0.319,194.633,227.242,2.534,2.0,2.0,lognormal,1000000
Set 4.3 TF (high SP)_EV135,70.0,140,151.667,7.83,200.16,159.444,17.5,200.74,159.264,37.442,209.684,280.0,12,15.417,128.236,159.264,8.378,128.236,158.815,0.33,180.804,216.67,2.622,2.0,2.0,lognormal,1000000
Set 4.3 TF (high SP)_EV136,72.0,144,156.0,8.16,205.87,164.0,18.0,206.48,163.815,38.512,215.675,288.0,10,16.5,131.071,163.8,8.729,131.071,163.337,0.329,186.256,215.343,2.478,2.0,2.0,lognormal,1000000
Set 4.3 TF (high SP)_EV137,69.0,138,149.5,8.07,197.3,157.167,17.25,197.88,156.989,36.908,206.689,276.0,11,15.818,123.19,157.004,8.64,123.19,156.509,0.35,179.343,214.006,2.537,2.0,2.0,lognormal,1000000
Set 4.3 TF (high SP)_EV138,68.5,137,148.417,7.79,195.87,156.028,17.125,196.44,155.851,36.64,205.191,274.0,11,15.091,122.668,155.851,8.325,122.668,155.399,0.329,177.235,210.752,2.484,2.0,2.0,lognormal,1000000
Set 4.3 TF (high SP)_EV139,60.5,121,131.083,7.14,172.99,137.806,15.125,173.5,137.65,32.361,181.227,242.0,16,15.0,107.904,137.652,7.638,107.904,137.203,0.358,157.469,185.188,2.887,2.0,2.0,lognormal,1000000
Set 4.3 TF (high SP)_EV140,68.5,137,148.417,7.85,195.87,156.028,17.125,196.44,155.851,36.64,205.191,274.0,14,15.929,122.878,155.849,8.41,122.878,155.39,0.338,177.57,214.343,2.818,2.0,2.0,lognormal,1000000
Set 4.3 TF (high SP)_EV141,49.5,99,107.25,5.68,141.54,112.75,12.375,141.95,112.623,26.477,148.277,198.0,9,16.889,89.298,112.621,6.075,89.298,112.281,0.349,128.3,156.353,2.44,2.0,2.0,lognormal,1000000
Set 4.3 TF (high SP)_EV142,67.5,135,146.25,7.89,193.01,153.75,16.875,193.57,153.576,36.105,202.196,270.0,12,14.75,120.224,153.589,8.442,120.224,153.117,0.339,175.343,212.993,2.664,2.0,2.0,lognormal,1000000
Set 4.3 TF (high SP)_EV143,69.5,139,150.583,7.83,198.73,158.306,17.375,199.31,158.127,37.175,208.187,278.0,7,18.0,125.569,158.113,8.369,125.569,157.654,0.337,179.648,224.938,2.209,2.0,2.0,lognormal,1000000
Set 4.3 TF (high SP)_EV144,60.5,121,131.083,6.79,172.99,137.806,15.125,173.5,137.65,32.361,181.227,242.0,11,16.727,110.416,137.657,7.261,110.416,137.262,0.336,156.358,185.455,2.577,2.0,2.0,lognormal,1000000
Set 4.3 TF (high SP)_EV145,75.5,151,163.583,8.41,215.88,171.972,18.875,216.52,171.778,40.384,226.16,302.0,7,18.0,137.929,171.786,8.987,137.929,171.325,0.321,194.889,226.722,2.216,2.0,2.0,lognormal,1000000
Set 4.3 TF (high SP)_EV146,54.5,109,118.083,6.65,155.84,124.139,13.625,156.29,123.999,29.152,163.254,218.0,11,17.0,99.822,125.086,6.999,99.822,124.655,0.382,143.374,176.376,2.582,2.0,2.0,lognormal,1000000
Set 4.3 TF (high SP)_EV147,62.0,124,134.333,7.5,177.28,141.222,15.5,177.8,141.063,33.163,185.72,248.0,13,15.385,112.473,141.604,7.949,112.473,141.137,0.358,162.206,194.433,2.663,2.0,2.0,lognormal,1000000
Set 4.3 TF (high SP)_EV148,57.0,114,123.5,6.72,162.98,129.833,14.25,163.46,129.687,30.489,170.743,228.0,11,15.364,103.179,129.676,7.187,103.179,129.242,0.373,148.392,173.832,2.51,2.0,2.0,lognormal,1000000
Set 4.3 TF (high SP)_EV149,54.5,109,118.083,6.6,155.84,124.139,13.625,156.29,123.999,29.152,163.254,218.0,12,16.333,98.64,124.048,7.059,98.64,123.62,0.378,142.442,168.582,2.676,2.0,2.0,lognormal,1000000
Set 4.3 TF (high SP)_EV150,65.0,130,140.833,7.39,185.86,148.056,16.25,186.4,147.888,34.768,194.707,260.0,16,14.5,118.422,147.946,7.911,118.422,147.506,0.341,168.416,209.076,2.886,2.0,2.0,lognormal,1000000
Set 4.3 TF (high SP)_EV151,70.0,140,151.667,8.02,200.16,159.444,17.5,200.74,159.264,37.442,209.684,280.0,12,16.917,126.907,159.414,8.57,126.907,158.943,0.341,181.512,222.867,2.668,2.0,2.0,lognormal,1000000
Set 4.3 TF (high SP)_EV152,61.5,123,133.25,6.91,175.85,140.083,15.375,176.37,139.925,32.896,184.223,246.0,16,13.688,111.099,139.937,7.392,111.099,139.538,0.33,158.966,189.365,2.812,2.0,2.0,lognormal,1000000
Set 4.3 TF (high SP)_EV153,61.5,123,133.25,6.95,175.85,140.083,15.375,176.37,139.925,32.896,184.223,246.0,16,14.375,110.478,139.918,7.43,110.478,139.522,0.333,159.096,201.61,2.827,2.0,2.0,lognormal,1000000
Set 4.3 TF (high SP)_EV154,69.5,139,150.583,7.9,198.73,158.306,17.375,199.31,158.127,37.175,208.187,278.0,13,14.0,127.432,158.138,8.458,127.432,157.659,0.348,180.021,214.545,2.606,2.0,2.0,lognormal,1000000
Set 4.3 TF (high SP)_EV155,65.0,130,140.833,7.11,185.86,148.056,16.25,186.4,147.888,34.768,194.707,260.0,9,16.889,117.945,147.877,7.592,117.945,147.497,0.312,167.317,198.508,2.434,2.0,2.0,lognormal,1000000
Set 4.3 TF (high SP)_EV156,69.5,139,150.583,7.68,198.73,158.306,17.375,199.31,158.127,37.175,208.187,278.0,7,18.0,126.941,158.126,8.215,126.941,157.692,0.323,179.282,206.307,2.214,2.0,2.0,lognormal,1000000
Set 4.3 TF (high SP)_EV157,60.0,120,130.0,7.18,171.56,136.667,15.0,172.07,136.512,32.094,179.729,240.0,13,15.846,107.137,136.503,7.663,107.137,136.063,0.353,156.304,188.514,2.753,2.0,2.0,lognormal,1000000
Set 4.3 TF (high SP)_EV158,89.0,178,192.833,9.62,254.48,202.722,22.25,255.23,202.493,47.605,266.599,356.0,14,13.929,161.663,202.479,10.293,161.663,201.945,0.307,228.764,267.54,2.708,2.0,2.0,lognormal,1000000
Set 4.3 TF (high SP)_EV159,71.5,143,154.917,8.14,204.44,162.861,17.875,205.05,162.677,38.245,214.178,286.0,11,15.273,126.94,162.681,8.709,126.94,162.211,0.333,185.089,216.754,2.53,2.0,2.0,lognormal,1000000
Set 4.3 TF (high SP)_EV160,62.5,125,135.417,7.23,178.71,142.361,15.625,179.24,142.2,33.431,187.218,250.0,11,15.0,113.528,142.196,7.744,113.528,141.766,0.349,162.234,192.207,2.489,2.0,2.0,lognormal,1000000
Set 4.3 TF (high SP)_EV161,52.5,105,113.75,6.18,150.12,119.583,13.125,150.56,119.448,28.082,157.263,210.0,12,14.0,93.906,119.446,6.615,93.906,119.059,0.369,136.686,172.25,2.515,2.0,2.0,lognormal,1000000
Set 4.3 TF (high SP)_EV162,79.0,158,171.167,8.46,225.89,179.944,19.75,226.55,179.741,42.256,236.644,316.0,11,15.182,143.192,179.735,9.049,143.192,179.29,0.31,202.88,235.861,2.528,2.0,2.0,lognormal,1000000
Set 4.3 TF (high SP)_EV163,68.5,137,148.417,7.93,195.87,156.028,17.125,196.44,155.851,36.64,205.191,274.0,16,12.25,124.609,155.863,8.487,124.609,155.387,0.348,177.844,208.683,2.649,2.0,2.0,lognormal,1000000
Set 4.3 TF (high SP)_EV164,67.0,134,145.167,8.05,191.58,152.611,16.75,192.14,152.439,35.838,200.698,268.0,12,16.417,121.791,153.44,8.547,121.791,152.95,0.36,175.616,211.594,2.654,2.0,2.0,lognormal,1000000
Set 4.3 TF (high SP)_EV165,60.5,121,131.083,6.98,172.99,137.806,15.125,173.5,137.65,32.361,181.227,242.0,14,13.286,110.255,137.647,7.471,110.255,137.213,0.357,157.04,185.051,2.65,2.0,2.0,lognormal,1000000
Set 4.3 TF (high SP)_EV166,82.0,164,177.667,8.88,234.47,186.778,20.5,235.16,186.567,43.861,245.63,328.0,12,16.0,150.334,186.579,9.503,150.334,186.112,0.307,210.776,246.227,2.616,2.0,2.0,lognormal,1000000
Set 4.3 TF (high SP)_EV167,69.5,139,150.583,8.1,198.73,158.306,17.375,199.31,158.127,37.175,208.187,278.0,13,14.077,125.043,158.125,8.659,125.043,157.652,0.338,180.475,216.187,2.645,2.0,2.0,lognormal,1000000
Set 4.3 TF (high SP)_EV168,58.5,117,126.75,6.8,167.27,133.25,14.625,167.76,133.099,31.291,175.236,234.0,13,14.231,106.08,133.097,7.268,106.08,132.698,0.347,151.894,183.815,2.576,2.0,2.0,lognormal,1000000
Set 4.3 TF (high SP)_EV169,71.5,143,154.917,7.92,204.44,162.861,17.875,205.05,162.677,38.245,214.178,286.0,11,15.364,130.72,162.666,8.469,130.72,162.224,0.32,184.388,219.928,2.488,2.0,2.0,lognormal,1000000
Set 4.3 TF (high SP)_EV170,72.0,144,156.0,8.08,205.87,164.0,18.0,206.48,163.815,38.512,215.675,288.0,9,16.444,130.207,163.818,8.636,130.207,163.35,0.327,185.996,218.488,2.381,2.0,2.0,lognormal,1000000
Set 4.3 TF (high SP)_EV171,67.5,135,146.25,7.7,193.01,153.75,16.875,193.57,153.576,36.105,202.196,270.0,8,17.75,123.265,153.582,8.245,123.265,153.131,0.335,174.804,205.319,2.327,2.0,2.0,lognormal,1000000
Set 4.3 TF (high SP)_EV172,67.0,134,145.167,7.94,191.58,152.611,16.75,192.14,152.439,35.838,200.698,268.0,11,16.091,121.541,152.463,8.492,121.541,151.982,0.354,174.489,207.389,2.575,2.0,2.0,lognormal,1000000
Set 4.3 TF (high SP)_EV173,65.0,130,140.833,7.54,185.86,148.056,16.25,186.4,147.888,34.768,194.707,260.0,8,17.625,118.869,148.036,8.073,118.869,147.573,0.352,168.979,206.357,2.313,2.0,2.0,lognormal,1000000
Set 4.3 TF (high SP)_EV174,56.5,113,122.417,6.7,161.55,128.694,14.125,162.03,128.549,30.221,169.245,226.0,13,16.231,102.047,128.561,7.169,102.047,128.142,0.362,147.147,182.694,2.73,2.0,2.0,lognormal,1000000
Set 4.3 TF (high SP)_EV175,55.0,110,119.167,6.44,157.27,125.278,13.75,157.73,125.136,29.419,164.752,220.0,10,16.9,97.858,125.134,6.89,97.858,124.723,0.373,143.081,174.649,2.489,2.0,2.0,lognormal,1000000
Set 4.3 TF (high SP)_EV176,65.0,130,140.833,7.41,185.86,148.056,16.25,186.4,147.888,34.768,194.707,260.0,14,16.714,116.338,147.896,7.923,116.338,147.465,0.337,168.377,198.498,2.856,2.0,2.0,lognormal,1000000
Set 4.3 TF (high SP)_EV177,72.0,144,156.0,8.38,205.87,164.0,18.0,206.48,163.815,38.512,215.675,288.0,13,17.0,129.738,163.822,8.961,129.738,163.32,0.344,186.985,225.584,2.75,2.0,2.0,lognormal,1000000
Set 4.3 TF (high SP)_EV178,75.0,150,162.5,8.33,214.45,170.833,18.75,215.08,170.64,40.117,224.662,300.0,10,17.8,136.401,170.647,8.908,136.401,170.184,0.322,193.513,227.936,2.521,2.0,2.0,lognormal,1000000
Set 4.3 TF (high SP)_EV179,50.0,100,108.333,5.81,142.97,113.889,12.5,143.39,113.76,26.745,149.775,200.0,10,18.5,90.678,113.97,6.223,90.678,113.604,0.369,130.135,154.338,2.553,2.0,2.0,lognormal,1000000
Set 4.3 TF (high SP)_EV180,69.5,139,150.583,7.67,198.73,158.306,17.375,199.31,158.127,37.175,208.187,278.0,8,17.375,125.628,158.152,8.201,125.628,157.731,0.322,179.239,211.201,2.315,2.0,2.0,lognormal,1000000
Set 4.3 TF (high SP)_EV181,59.5,119,128.917,7.08,170.13,135.528,14.875,170.63,135.375,31.826,178.232,238.0,14,15.857,107.03,135.424,7.575,107.03,134.992,0.361,155.083,196.671,2.779,2.0,2.0,lognormal,1000000
Set 4.3 TF (high SP)_EV182,63.5,127,137.583,7.4,181.57,144.639,15.875,182.1,144.475,33.966,190.214,254.0,10,16.2,114.911,144.485,7.92,114.911,144.038,0.355,165.037,192.443,2.441,2.0,2.0,lognormal,1000000
Set 4.3 TF (high SP)_EV183,61.0,122,132.167,7.23,174.42,138.944,15.25,174.93,138.787,32.628,182.725,244.0,10,16.4,111.169,138.787,7.733,111.169,138.33,0.358,158.851,184.731,2.476,2.0,2.0,lognormal,1000000
Set 4.3 TF (high SP)_EV184,58.5,117,126.75,7.1,167.27,133.25,14.625,167.76,133.099,31.291,175.236,234.0,14,14.143,104.323,133.11,7.602,104.323,132.648,0.371,152.924,181.998,2.697,2.0,2.0,lognormal,1000000
Set 4.3 TF (high SP)_EV185,61.5,123,133.25,7.3,175.85,140.083,15.375,176.37,139.925,32.896,184.223,246.0,13,15.077,112.458,139.923,7.803,112.458,139.466,0.357,160.181,195.972,2.635,2.0,2.0,lognormal,1000000
Set 4.3 TF (high SP)_EV186,83.5,167,180.917,9.15,238.76,190.194,20.875,239.46,189.98,44.663,250.124,334.0,13,14.231,151.526,189.986,9.785,151.526,189.501,0.306,214.964,249.965,2.667,2.0,2.0,lognormal,1000000
Set 4.3 TF (high SP)_EV187,69.5,139,150.583,8.0,198.73,158.306,17.375,199.31,158.127,37.175,208.187,278.0,17,14.647,125.373,158.128,8.557,125.373,157.664,0.337,180.188,213.929,2.983,2.0,2.0,lognormal,1000000
Set 4.3 TF (high SP)_EV188,66.0,132,143.0,7.53,188.72,150.333,16.5,189.27,150.163,35.303,197.702,264.0,13,16.0,116.496,150.215,8.055,116.496,149.769,0.339,171.006,204.349,2.764,2.0,2.0,lognormal,1000000
Set 4.3 TF (high SP)_EV189,63.5,127,137.583,7.41,181.57,144.639,15.875,182.1,144.475,33.966,190.214,254.0,11,17.545,114.706,144.476,7.935,114.706,144.024,0.351,165.077,198.707,2.588,2.0,2.0,lognormal,1000000
Set 4.3 TF (high SP)_EV190,59.5,119,128.917,6.72,170.13,135.528,14.875,170.63,135.375,31.826,178.232,238.0,9,17.667,106.267,135.369,7.19,106.267,134.967,0.349,153.972,184.525,2.464,2.0,2.0,lognormal,1000000
Set 4.3 TF (high SP)_EV191,68.5,137,148.417,8.18,195.87,156.028,17.125,196.44,155.851,36.64,205.191,274.0,12,16.0,121.393,155.862,8.755,121.393,155.356,0.352,178.489,212.794,2.635,2.0,2.0,lognormal,1000000
Set 4.3 TF (high SP)_EV192,58.0,116,125.667,6.8,165.84,132.111,14.5,166.33,131.962,31.024,173.739,232.0,14,13.5,105.51,131.965,7.279,105.51,131.539,0.36,150.888,180.569,2.629,2.0,2.0,lognormal,1000000
Set 4.3 TF (high SP)_EV193,74.0,148,160.333,8.12,211.59,168.556,18.5,212.21,168.365,39.582,221.666,296.0,12,15.0,136.602,168.366,8.696,136.602,167.917,0.313,190.636,218.494,2.55,2.0,2.0,lognormal,1000000
Set 4.3 TF (high SP)_EV194,62.5,125,135.417,7.33,178.71,142.361,15.625,179.24,142.2,33.431,187.218,250.0,11,16.182,111.379,142.194,7.832,111.379,141.751,0.349,162.401,196.305,2.572,2.0,2.0,lognormal,1000000
Set 4.3 TF (high SP)_EV195,63.0,126,136.5,7.36,180.14,143.5,15.75,180.67,143.338,33.698,188.716,252.0,12,14.75,114.573,143.332,7.874,114.573,142.88,0.349,163.697,193.954,2.526,2.0,2.0,lognormal,1000000
Set 4.3 TF (high SP)_EV196,69.5,139,150.583,7.83,198.73,158.306,17.375,199.31,158.127,37.175,208.187,278.0,12,15.333,125.072,158.131,8.383,125.072,157.689,0.329,179.7,209.571,2.6,2.0,2.0,lognormal,1000000
Set 4.3 TF (high SP)_EV197,74.5,149,161.417,8.07,213.02,169.694,18.625,213.65,169.503,39.849,223.164,298.0,11,14.818,136.317,169.52,8.641,136.317,169.082,0.318,191.702,230.568,2.505,2.0,2.0,lognormal,1000000
Set 4.3 TF (high SP)_EV198,61.0,122,132.167,7.19,174.42,138.944,15.25,174.93,138.787,32.628,182.725,244.0,12,15.583,110.55,138.786,7.697,110.55,138.335,0.361,158.771,185.713,2.699,2.0,2.0,lognormal,1000000
Set 4.3 TF (high SP)_EV199,66.0,132,143.0,7.47,188.72,150.333,16.5,189.27,150.163,35.303,197.702,264.0,14,13.571,118.86,150.166,7.992,118.86,149.726,0.34,170.792,201.305,2.663,2.0,2.0,lognormal,1000000
Set 4.3 TF (high SP)_EV200,51.5,103,111.583,5.99,147.26,117.306,12.875,147.69,117.173,27.547,154.268,206.0,14,13.286,93.892,117.161,6.409,93.892,116.786,0.359,133.801,155.286,2.61,2.0,2.0,lognormal,1000000
Set 4.3 TF (high SP)_EV201,68.5,137,148.417,7.55,195.87,156.028,17.125,196.44,155.851,36.64,205.191,274.0,7,14.143,126.516,155.847,8.078,126.516,155.422,0.322,176.603,203.623,2.103,2.0,2.0,lognormal,1000000
Set 4.3 TF (high SP)_EV202,69.5,139,150.583,7.77,198.73,158.306,17.375,199.31,158.127,37.175,208.187,278.0,7,14.0,125.762,158.132,8.317,125.762,157.679,0.333,179.543,214.406,2.103,2.0,2.0,lognormal,1000000
Set 4.3 TF (high SP)_EV203,55.5,111,120.25,6.81,158.69,126.417,13.875,159.16,126.274,29.687,166.25,222.0,7,14.143,97.976,126.283,7.293,97.976,125.832,0.386,145.381,173.328,2.135,2.0,2.0,lognormal,1000000
Set 4.3 TF (high SP)_EV204,79.0,158,171.167,8.82,225.89,179.944,19.75,226.55,179.741,42.256,236.644,316.0,7,14.143,144.218,179.727,9.431,144.218,179.235,0.319,203.906,238.205,2.176,2.0,2.0,lognormal,1000000
Set 4.3 TF (high SP)_EV205,70.5,141,152.75,7.78,201.59,160.583,17.625,202.18,160.402,37.71,211.182,282.0,7,14.143,127.54,160.381,8.314,127.54,159.947,0.315,181.654,213.355,2.146,2.0,2.0,lognormal,1000000
Set 4.3 TF (high SP)_EV206,59.0,118,127.833,7.13,168.7,134.389,14.75,169.2,134.237,31.559,176.734,236.0,8,13.375,106.522,134.239,7.63,106.522,133.771,0.38,154.137,186.508,2.182,2.0,2.0,lognormal,1000000
Set 4.3 TF (high SP)_EV207,75.5,151,163.583,8.29,215.88,171.972,18.875,216.52,171.778,40.384,226.16,302.0,7,14.143,138.359,171.784,8.852,138.359,171.334,0.309,194.428,224.348,2.108,2.0,2.0,lognormal,1000000
Set 4.3 TF (high SP)_EV208,73.0,146,158.167,8.17,208.73,166.278,18.25,209.35,166.09,39.047,218.671,292.0,9,12.222,129.481,166.091,8.751,129.481,165.622,0.331,188.616,228.393,2.207,2.0,2.0,lognormal,1000000
Set 4.3 TF (high SP)_EV209,63.5,127,137.583,7.46,181.57,144.639,15.875,182.1,144.475,33.966,190.214,254.0,9,12.667,114.906,144.487,8.001,114.906,144.024,0.36,165.231,193.629,2.256,2.0,2.0,lognormal,1000000
Set 4.3 TF (high SP)_EV210,69.5,139,150.583,8.07,198.73,158.306,17.375,199.31,158.127,37.175,208.187,278.0,11,12.0,124.97,158.128,8.619,124.97,157.671,0.335,180.342,210.096,2.328,2.0,2.0,lognormal,1000000
Set 4.3 TF (high SP)_EV211,69.0,138,149.5,7.73,197.3,157.167,17.25,197.88,156.989,36.908,206.689,276.0,10,13.0,126.115,156.998,8.268,126.115,156.565,0.324,178.242,206.025,2.314,2.0,2.0,lognormal,1000000
Set 4.3 TF (high SP)_EV212,71.0,142,153.833,8.05,203.01,161.722,17.75,203.61,161.539,37.977,212.68,284.0,7,14.143,129.283,161.534,8.607,129.283,161.061,0.332,183.651,215.862,2.14,2.0,2.0,lognormal,1000000
Set 4.3 TF (high SP)_EV213,66.0,132,143.0,7.4,188.72,150.333,16.5,189.27,150.163,35.303,197.702,264.0,7,14.143,119.545,150.171,7.926,119.545,149.745,0.334,170.592,197.715,2.133,2.0,2.0,lognormal,1000000
Set 4.3 TF (high SP)_EV214,69.0,138,149.5,7.89,197.3,157.167,17.25,197.88,156.989,36.908,206.689,276.0,9,13.667,125.897,156.979,8.437,125.897,156.525,0.333,178.736,210.127,2.296,2.0,2.0,lognormal,1000000
Set 4.3 TF (high SP)_EV215,68.0,136,147.333,7.79,194.44,154.889,17.0,195.01,154.714,36.373,203.693,272.0,7,14.0,122.439,154.722,8.338,122.439,154.27,0.334,176.231,207.464,2.188,2.0,2.0,lognormal,1000000
Set 4.3 TF (high SP)_EV216,63.0,126,136.5,7.55,180.14,143.5,15.75,180.67,143.338,33.698,188.716,252.0,10,12.1,113.737,143.336,8.078,113.737,142.867,0.363,164.358,204.815,2.301,2.0,2.0,lognormal,1000000
Set 4.3 TF (high SP)_EV217,68.5,137,148.417,7.68,195.87,156.028,17.125,196.44,155.851,36.64,205.191,274.0,7,14.143,123.941,155.843,8.215,123.941,155.396,0.328,176.906,210.278,2.103,2.0,2.0,lognormal,1000000
Set 4.3 TF (high SP)_EV218,68.5,137,148.417,7.73,195.87,156.028,17.125,196.44,155.851,36.64,205.191,274.0,8,13.75,120.368,155.861,8.259,120.368,155.414,0.329,177.111,209.423,2.261,2.0,2.0,lognormal,1000000
Set 4.3 TF (high SP)_EV219,78.5,157,170.083,8.69,224.46,178.806,19.625,225.12,178.604,41.989,235.146,314.0,9,14.778,143.187,178.61,9.291,143.187,178.119,0.323,202.472,251.345,2.318,2.0,2.0,lognormal,1000000
Set 4.3 TF (high SP)_EV220,59.0,118,127.833,7.08,168.7,134.389,14.75,169.2,134.237,31.559,176.734,236.0,7,14.0,105.693,134.232,7.566,105.693,133.776,0.379,153.993,185.04,2.112,2.0,2.0,lognormal,1000000
Set 4.3 TF (high SP)_EV221,54.0,108,117.0,6.65,154.41,123.0,13.5,154.86,122.861,28.884,161.757,216.0,10,12.0,96.816,122.863,7.124,96.816,122.421,0.38,141.467,170.962,2.289,2.0,2.0,lognormal,1000000
Set 4.3 TF (high SP)_EV222,63.5,127,137.583,7.34,181.57,144.639,15.875,182.1,144.475,33.966,190.214,254.0,9,11.889,116.345,144.476,7.853,116.345,144.03,0.346,164.769,196.66,2.19,2.0,2.0,lognormal,1000000
Set 4.3 TF (high SP)_EV223,64.0,128,138.667,7.18,183.0,145.778,16.0,183.54,145.613,34.233,191.711,256.0,7,14.143,116.088,145.62,7.678,116.088,145.207,0.327,165.358,190.798,2.134,2.0,2.0,lognormal,1000000
Set 4.3 TF (high SP)_EV224,69.5,139,150.583,7.74,198.73,158.306,17.375,199.31,158.127,37.175,208.187,278.0,7,14.0,123.554,158.123,8.288,123.554,157.676,0.326,179.387,212.318,2.117,2.0,2.0,lognormal,1000000
Set 4.3 TF (high SP)_EV225,67.0,134,145.167,7.55,191.58,152.611,16.75,192.14,152.439,35.838,200.698,268.0,7,14.0,121.517,152.446,8.074,121.517,152.01,0.328,173.217,206.702,2.131,2.0,2.0,lognormal,1000000
Set 4.3 TF (high SP)_EV226,67.0,134,145.167,7.91,191.58,152.611,16.75,192.14,152.439,35.838,200.698,268.0,11,11.182,122.704,152.44,8.456,122.704,151.963,0.349,174.3,203.974,2.324,2.0,2.0,lognormal,1000000
Set 4.3 TF (high SP)_EV227,62.5,125,135.417,7.29,178.71,142.361,15.625,179.24,142.2,33.431,187.218,250.0,10,13.4,113.22,142.21,7.804,113.22,141.767,0.353,162.418,198.418,2.378,2.0,2.0,lognormal,1000000
Set 4.3 TF (high SP)_EV228,73.0,146,158.167,8.25,208.73,166.278,18.25,209.35,166.09,39.047,218.671,292.0,8,12.75,133.026,166.094,8.824,133.026,165.609,0.33,188.845,223.33,2.145,2.0,2.0,lognormal,1000000
Set 4.3 TF (high SP)_EV229,61.0,122,132.167,7.12,174.42,138.944,15.25,174.93,138.787,32.628,182.725,244.0,7,14.143,110.344,138.797,7.628,110.344,138.349,0.363,158.566,192.399,2.126,2.0,2.0,lognormal,1000000
Set 4.3 TF (high SP)_EV230,75.5,151,163.583,8.36,215.88,171.972,18.875,216.52,171.778,40.384,226.16,302.0,10,11.9,139.005,171.776,8.948,139.005,171.303,0.321,194.743,231.73,2.326,2.0,2.0,lognormal,1000000
Set 4.3 TF (high SP)_EV231,58.5,117,126.75,6.9,167.27,133.25,14.625,167.76,133.099,31.291,175.236,234.0,8,13.125,105.713,133.079,7.37,105.713,132.647,0.363,152.225,194.604,2.247,2.0,2.0,lognormal,1000000
Set 4.3 TF (high SP)_EV232,62.5,125,135.417,7.36,178.71,142.361,15.625,179.24,142.2,33.431,187.218,250.0,7,14.0,112.615,142.206,7.877,112.615,141.741,0.366,162.694,193.273,2.128,2.0,2.0,lognormal,1000000
Set 4.3 TF (high SP)_EV233,62.0,124,134.333,7.42,177.28,141.222,15.5,177.8,141.063,33.163,185.72,248.0,7,14.0,112.904,141.265,7.949,112.904,140.807,0.361,161.932,194.512,2.195,2.0,2.0,lognormal,1000000
Set 4.3 TF (high SP)_EV234,77.5,155,167.917,8.59,221.6,176.528,19.375,222.25,176.328,41.454,232.151,310.0,9,13.0,142.781,176.32,9.182,142.781,175.839,0.323,199.95,234.905,2.243,2.0,2.0,lognormal,1000000
Set 4.3 TF (high SP)_EV235,56.0,112,121.333,6.68,160.12,127.556,14.0,160.59,127.411,29.954,167.748,224.0,7,14.0,99.164,127.416,7.157,99.164,126.979,0.376,146.115,182.24,2.11,2.0,2.0,lognormal,1000000
Set 4.3 TF (high SP)_EV236,70.0,140,151.667,7.71,200.16,159.444,17.5,200.74,159.264,37.442,209.684,280.0,8,12.75,128.769,159.274,8.261,128.769,158.834,0.326,180.504,213.226,2.138,2.0,2.0,lognormal,1000000
Set 4.3 TF (high SP)_EV237,68.5,137,148.417,7.71,195.87,156.028,17.125,196.44,155.851,36.64,205.191,274.0,7,14.0,123.809,155.839,8.238,123.809,155.409,0.323,176.97,221.793,2.095,2.0,2.0,lognormal,1000000
Set 4.3 TF (high SP)_EV238,73.0,146,158.167,8.15,208.73,166.278,18.25,209.35,166.09,39.047,218.671,292.0,9,13.0,132.678,166.093,8.724,132.678,165.628,0.329,188.592,221.624,2.244,2.0,2.0,lognormal,1000000
Set 4.3 TF (high SP)_EV239,67.5,135,146.25,7.82,193.01,153.75,16.875,193.57,153.576,36.105,202.196,270.0,7,14.143,123.209,153.577,8.359,123.209,153.128,0.339,175.159,203.938,2.111,2.0,2.0,lognormal,1000000
Set 4.3 TF (high SP)_EV240,67.0,134,145.167,7.52,191.58,152.611,16.75,192.14,152.439,35.838,200.698,268.0,7,14.0,121.526,152.443,8.052,121.526,152.003,0.329,173.127,205.989,2.201,2.0,2.0,lognormal,1000000
Set 4.3 TF (high SP)_EV241,65.0,130,140.833,7.65,185.86,148.056,16.25,186.4,147.888,34.768,194.707,260.0,8,13.875,116.622,147.896,8.191,116.622,147.44,0.347,169.099,207.153,2.264,2.0,2.0,lognormal,1000000
Set 4.3 TF (high SP)_EV242,70.5,141,152.75,7.95,201.59,160.583,17.625,202.18,160.402,37.71,211.182,282.0,9,13.333,127.904,160.395,8.503,127.904,159.941,0.328,182.252,217.679,2.258,2.0,2.0,lognormal,1000000
Set 4.3 TF (high SP)_EV243,72.0,144,156.0,8.49,205.87,164.0,18.0,206.48,163.815,38.512,215.675,288.0,7,14.143,129.237,163.82,9.084,129.237,163.314,0.346,187.305,225.658,2.089,2.0,2.0,lognormal,1000000
Set 4.3 TF (high SP)_EV244,58.5,117,126.75,6.69,167.27,133.25,14.625,167.76,133.099,31.291,175.236,234.0,8,12.75,106.856,133.103,7.169,106.856,132.713,0.342,151.603,178.183,2.157,2.0,2.0,lognormal,1000000
Set 4.3 TF (high SP)_EV245,82.0,164,177.667,9.07,234.47,186.778,20.5,235.16,186.567,43.861,245.63,328.0,7,14.0,149.027,186.539,9.691,149.027,186.042,0.312,211.372,245.868,2.132,2.0,2.0,lognormal,1000000
Set 4.3 TF (high SP)_EV246,66.0,132,143.0,7.67,188.72,150.333,16.5,189.27,150.163,35.303,197.702,264.0,9,12.667,120.583,150.16,8.197,120.583,149.699,0.34,171.309,200.496,2.222,2.0,2.0,lognormal,1000000
Set 4.3 TF (high SP)_EV247,72.5,145,157.083,8.19,207.3,165.139,18.125,207.91,164.952,38.78,217.173,290.0,9,12.556,132.929,164.96,8.751,132.929,164.495,0.331,187.465,218.342,2.212,2.0,2.0,lognormal,1000000
Set 4.3 TF (high SP)_EV248,66.0,132,143.0,7.65,188.72,150.333,16.5,189.27,150.163,35.303,197.702,264.0,7,14.0,120.166,150.17,8.185,120.166,149.718,0.34,171.283,198.274,2.123,2.0,2.0,lognormal,1000000
Set 4.3 TF (high SP)_EV249,77.0,154,166.833,8.54,220.17,175.389,19.25,220.82,175.191,41.187,230.653,308.0,7,14.0,142.016,175.196,9.141,142.016,174.713,0.324,198.642,229.302,2.136,2.0,2.0,lognormal,1000000
Set 4.3 TF (high SP)_EV250,70.5,141,152.75,8.07,201.59,160.583,17.625,202.18,160.402,37.71,211.182,282.0,7,14.0,126.182,160.38,8.619,126.182,159.909,0.34,182.647,221.705,2.118,2.0,2.0,lognormal,1000000
Set 4.3 TF (high SP)_EV251,65.5,131,141.917,7.66,187.29,149.194,16.375,187.84,149.026,35.035,196.205,262.0,7,14.143,118.035,149.014,8.203,118.035,148.548,0.349,170.234,208.54,2.184,2.0,2.0,lognormal,1000000
Set 4.3 TF (high SP)_EV252,68.0,136,147.333,8.07,194.44,154.889,17.0,195.01,154.714,36.373,203.693,272.0,8,14.375,123.197,154.721,8.634,123.197,154.229,0.352,177.135,212.027,2.168,2.0,2.0,lognormal,1000000
Set 4.3 TF (high SP)_EV253,65.0,130,140.833,7.54,185.86,148.056,16.25,186.4,147.888,34.768,194.707,260.0,9,12.0,117.566,147.877,8.058,117.566,147.426,0.35,168.765,198.808,2.205,2.0,2.0,lognormal,1000000
Set 4.3 TF (high SP)_EV254,77.0,154,166.833,8.62,220.17,175.389,19.25,220.82,175.191,41.187,230.653,308.0,7,14.143,141.066,175.198,9.209,141.066,174.712,0.323,198.795,232.993,2.16,2.0,2.0,lognormal,1000000
Set 4.3 TF (high SP)_EV255,73.5,147,159.25,8.23,210.16,167.417,18.375,210.78,167.227,39.315,220.169,294.0,9,12.444,134.199,167.224,8.811,134.199,166.759,0.322,189.794,218.553,2.221,2.0,2.0,lognormal,1000000
Set 4.3 TF (high SP)_EV256,81.0,162,175.5,8.75,231.61,184.5,20.25,232.29,184.292,43.326,242.635,324.0,7,14.143,148.611,184.301,9.356,148.611,183.839,0.304,208.18,242.685,2.126,2.0,2.0,lognormal,1000000
Set 4.3 TF (high SP)_EV257,61.0,122,132.167,7.16,174.42,138.944,15.25,174.93,138.787,32.628,182.725,244.0,7,14.0,110.403,138.784,7.654,110.403,138.348,0.35,158.598,187.526,2.136,2.0,2.0,lognormal,1000000
Set 4.3 TF (high SP)_EV258,62.0,124,134.333,7.25,177.28,141.222,15.5,177.8,141.063,33.163,185.72,248.0,7,14.143,110.125,141.071,7.753,110.125,140.639,0.354,161.207,189.803,2.123,2.0,2.0,lognormal,1000000
Set 4.3 TF (high SP)_EV259,71.5,143,154.917,7.98,204.44,162.861,17.875,205.05,162.677,38.245,214.178,286.0,7,14.143,129.943,162.682,8.54,129.943,162.225,0.329,184.654,216.155,2.157,2.0,2.0,lognormal,1000000
Set 4.3 TF (high SP)_EV260,66.0,132,143.0,7.79,188.72,150.333,16.5,189.27,150.163,35.303,197.702,264.0,7,14.0,119.476,150.155,8.342,119.476,149.672,0.363,171.856,228.909,2.14,2.0,2.0,lognormal,1000000
Set 4.3 TF (high SP)_EV261,58.5,117,126.75,6.73,167.27,133.25,14.625,167.76,133.099,31.291,175.236,234.0,7,14.0,105.296,133.103,7.206,105.296,132.693,0.353,151.79,178.728,2.125,2.0,2.0,lognormal,1000000
Set 4.3 TF (high SP)_EV262,61.5,123,133.25,7.2,175.85,140.083,15.375,176.37,139.925,32.896,184.223,246.0,7,14.143,111.8,139.919,7.701,111.8,139.471,0.36,159.954,190.615,2.116,2.0,2.0,lognormal,1000000
Set 4.3 TF (high SP)_EV263,56.5,113,122.417,6.58,161.55,128.694,14.125,162.03,128.549,30.221,169.245,226.0,7,14.0,102.013,128.552,7.04,102.013,128.143,0.356,146.82,177.661,2.126,2.0,2.0,lognormal,1000000
Set 4.3 TF (high SP)_EV264,75.5,151,163.583,8.47,215.88,171.972,18.875,216.52,171.778,40.384,226.16,302.0,11,12.182,136.974,171.767,9.059,136.974,171.295,0.32,195.029,232.417,2.367,2.0,2.0,lognormal,1000000
Set 4.3 TF (high SP)_EV265,70.0,140,151.667,7.74,200.16,159.444,17.5,200.74,159.264,37.442,209.684,280.0,8,12.875,127.542,159.263,8.274,127.542,158.823,0.325,180.501,221.025,2.238,2.0,2.0,lognormal,1000000
Set 4.3 TF (high SP)_EV266,67.0,134,145.167,7.64,191.58,152.611,16.75,192.14,152.439,35.838,200.698,268.0,7,14.0,123.16,152.444,8.174,123.16,151.991,0.348,173.595,209.155,2.154,2.0,2.0,lognormal,1000000
Set 4.3 TF (high SP)_EV267,59.0,118,127.833,6.96,168.7,134.389,14.75,169.2,134.237,31.559,176.734,236.0,9,13.556,106.282,134.231,7.442,106.282,133.784,0.368,153.613,182.206,2.303,2.0,2.0,lognormal,1000000
Set 4.3 TF (high SP)_EV268,66.0,132,143.0,7.7,188.72,150.333,16.5,189.27,150.163,35.303,197.702,264.0,8,12.875,119.554,150.164,8.233,119.554,149.687,0.349,171.475,206.134,2.128,2.0,2.0,lognormal,1000000
Set 4.3 TF (high SP)_EV269,70.5,141,152.75,7.96,201.59,160.583,17.625,202.18,160.402,37.71,211.182,282.0,7,14.143,128.652,160.397,8.526,128.652,159.928,0.337,182.387,224.216,2.125,2.0,2.0,lognormal,1000000
Set 4.3 TF (high SP)_EV270,72.5,145,157.083,7.96,207.3,165.139,18.125,207.91,164.952,38.78,217.173,290.0,7,14.0,130.731,164.948,8.529,130.731,164.504,0.315,186.76,217.454,2.11,2.0,2.0,lognormal,1000000
Set 4.3 TF (high SP)_EV271,60.5,121,131.083,7.02,172.99,137.806,15.125,173.5,137.65,32.361,181.227,242.0,7,14.0,109.799,137.628,7.504,109.799,137.203,0.351,157.057,187.538,2.103,2.0,2.0,lognormal,1000000
Set 4.3 TF (high SP)_EV272,68.0,136,147.333,7.71,194.44,154.889,17.0,195.01,154.714,36.373,203.693,272.0,7,14.0,124.435,154.711,8.242,124.435,154.262,0.331,175.937,204.708,2.134,2.0,2.0,lognormal,1000000
Set 4.3 TF (high SP)_EV273,59.5,119,128.917,6.58,170.13,135.528,14.875,170.63,135.375,31.826,178.232,238.0,7,14.0,108.175,135.377,7.043,108.175,135.001,0.328,153.469,187.619,2.139,2.0,2.0,lognormal,1000000
Set 4.3 TF (high SP)_EV274,73.0,146,158.167,8.25,208.73,166.278,18.25,209.35,166.09,39.047,218.671,292.0,7,14.0,132.959,166.084,8.827,132.959,165.607,0.336,188.832,227.769,2.134,2.0,2.0,lognormal,1000000
Set 4.3 TF (high SP)_EV275,57.5,115,124.583,6.7,164.41,130.972,14.375,164.9,130.824,30.756,172.241,230.0,8,13.5,100.188,130.814,7.174,100.188,130.412,0.356,149.472,176.854,2.18,2.0,2.0,lognormal,1000000
Set 4.3 TF (high SP)_EV276,63.5,127,137.583,7.5,181.57,144.639,15.875,182.1,144.475,33.966,190.214,254.0,7,14.143,114.156,144.482,8.013,114.156,144.007,0.36,165.311,196.888,2.148,2.0,2.0,lognormal,1000000
Set 4.3 TF (high SP)_EV277,74.0,148,160.333,8.11,211.59,168.556,18.5,212.21,168.365,39.582,221.666,296.0,7,14.0,134.572,168.372,8.673,134.572,167.92,0.319,190.611,223.465,2.116,2.0,2.0,lognormal,1000000
Set 4.3 TF (high SP)_EV278,59.0,118,127.833,6.98,168.7,134.389,14.75,169.2,134.237,31.559,176.734,236.0,11,11.455,106.84,134.23,7.461,106.84,133.804,0.355,153.613,183.409,2.357,2.0,2.0,lognormal,1000000
Set 4.3 TF (high SP)_EV279,70.5,141,152.75,8.1,201.59,160.583,17.625,202.18,160.402,37.71,211.182,282.0,10,11.7,127.886,160.39,8.663,127.886,159.916,0.339,182.732,219.985,2.235,2.0,2.0,lognormal,1000000
Set 4.3 TF (high SP)_EV280,78.5,157,170.083,8.6,224.46,178.806,19.625,225.12,178.604,41.989,235.146,314.0,8,13.875,143.044,178.608,9.186,143.044,178.127,0.318,202.153,233.956,2.193,2.0,2.0,lognormal,1000000
Set 4.3 TF (high SP)_EV281,70.5,141,152.75,7.91,201.59,160.583,17.625,202.18,160.402,37.71,211.182,282.0,8,13.5,128.535,160.395,8.457,128.535,159.94,0.325,182.145,210.16,2.2,2.0,2.0,lognormal,1000000
Set 4.3 TF (high SP)_EV282,64.5,129,139.75,7.44,184.43,146.917,16.125,184.97,146.751,34.501,193.209,258.0,9,13.444,117.06,146.732,7.961,117.06,146.278,0.353,167.37,202.365,2.271,2.0,2.0,lognormal,1000000
Set 4.3 TF (high SP)_EV283,52.5,105,113.75,6.3,150.12,119.583,13.125,150.56,119.448,28.082,157.263,210.0,7,14.0,93.757,119.444,6.74,93.757,119.038,0.38,137.054,165.703,2.128,2.0,2.0,lognormal,1000000
Set 4.3 TF (high SP)_EV284,71.0,142,153.833,7.96,203.01,161.722,17.75,203.61,161.539,37.977,212.68,284.0,7,14.143,130.074,161.533,8.512,130.074,161.084,0.325,183.429,212.812,2.132,2.0,2.0,lognormal,1000000
Set 4.3 TF (high SP)_EV285,57.0,114,123.5,6.74,162.98,129.833,14.25,163.46,129.687,30.489,170.743,228.0,7,14.143,102.912,129.684,7.206,102.912,129.246,0.368,148.402,187.522,2.112,2.0,2.0,lognormal,1000000
Set 4.3 TF (high SP)_EV286,63.5,127,137.583,7.5,181.57,144.639,15.875,182.1,144.475,33.966,190.214,254.0,9,12.111,114.242,144.465,8.008,114.242,143.999,0.355,165.16,200.763,2.193,2.0,2.0,lognormal,1000000
Set 4.3 TF (high SP)_EV287,74.0,148,160.333,8.23,211.59,168.556,18.5,212.21,168.365,39.582,221.666,296.0,9,12.0,134.579,168.37,8.803,134.579,167.9,0.316,190.944,224.572,2.252,2.0,2.0,lognormal,1000000
Set 4.3 TF (high SP)_EV288,61.0,122,132.167,7.1,174.42,138.944,15.25,174.93,138.787,32.628,182.725,244.0,9,12.0,109.278,138.782,7.589,109.278,138.355,0.347,158.41,187.063,2.246,2.0,2.0,lognormal,1000000
Set 4.3 TF (high SP)_EV289,73.0,146,158.167,8.18,208.73,166.278,18.25,209.35,166.09,39.047,218.671,292.0,9,11.889,132.682,166.111,8.749,132.682,165.633,0.327,188.609,220.705,2.203,2.0,2.0,lognormal,1000000
Set 4.3 TF (high SP)_EV290,61.0,122,132.167,7.35,174.42,138.944,15.25,174.93,138.787,32.628,182.725,244.0,8,13.875,110.091,138.792,7.858,110.091,138.323,0.367,159.225,192.217,2.213,2.0,2.0,lognormal,1000000
Set 4.3 TF (high SP)_EV291,57.0,114,123.5,6.86,162.98,129.833,14.25,163.46,129.687,30.489,170.743,228.0,7,14.143,103.846,129.684,7.344,103.846,129.247,0.364,148.798,178.773,2.124,2.0,2.0,lognormal,1000000
Set 4.3 TF (high SP)_EV292,56.0,112,121.333,6.68,160.12,127.556,14.0,160.59,127.411,29.954,167.748,224.0,11,11.636,101.642,127.428,7.151,101.642,126.992,0.388,146.149,175.468,2.356,2.0,2.0,lognormal,1000000
Set 4.3 TF (high SP)_EV293,67.0,134,145.167,7.9,191.58,152.611,16.75,192.14,152.439,35.838,200.698,268.0,7,14.0,121.059,152.441,8.449,121.059,151.967,0.349,174.282,211.296,2.144,2.0,2.0,lognormal,1000000
Set 4.3 TF (high SP)_EV294,59.5,119,128.917,6.98,170.13,135.528,14.875,170.63,135.375,31.826,178.232,238.0,9,12.0,107.681,135.374,7.466,107.681,134.951,0.358,154.778,183.92,2.198,2.0,2.0,lognormal,1000000
Set 4.3 TF (high SP)_EV295,56.5,113,122.417,6.93,161.55,128.694,14.125,162.03,128.549,30.221,169.245,226.0,9,13.333,101.862,128.549,7.415,101.862,128.073,0.392,147.957,181.143,2.258,2.0,2.0,lognormal,1000000
Set 4.3 TF (high SP)_EV296,66.0,132,143.0,7.55,188.72,150.333,16.5,189.27,150.163,35.303,197.702,264.0,7,14.0,119.054,150.161,8.074,119.054,149.704,0.35,171.058,210.715,2.17,2.0,2.0,lognormal,1000000
Set 4.3 TF (high SP)_EV297,67.0,134,145.167,7.66,191.58,152.611,16.75,192.14,152.439,35.838,200.698,268.0,7,14.0,121.598,152.439,8.2,121.598,151.972,0.346,173.645,211.576,2.094,2.0,2.0,lognormal,1000000
Set 4.3 TF (high SP)_EV298,59.0,118,127.833,7.16,168.7,134.389,14.75,169.2,134.237,31.559,176.734,236.0,9,12.222,104.911,134.241,7.665,104.911,133.778,0.374,154.204,188.553,2.283,2.0,2.0,lognormal,1000000
Set 4.3 TF (high SP)_EV299,77.0,154,166.833,8.39,220.17,175.389,19.25,220.82,175.191,41.187,230.653,308.0,9,11.778,141.303,175.193,8.98,141.303,174.741,0.314,198.163,227.152,2.203,2.0,2.0,lognormal,1000000
Set 4.3 TF (high SP)_EV300,65.0,130,140.833,7.58,185.86,148.056,16.25,186.4,147.888,34.768,194.707,260.0,7,14.143,115.408,147.881,8.105,115.408,147.415,0.35,168.842,196.687,2.237,2.0,2.0,lognormal,1000000
Set 4.3 TF (high SP)_EV301,65.5,131,141.917,7.49,187.29,149.194,16.375,187.84,149.026,35.035,196.205,262.0,7,10.143,117.418,149.019,8.018,117.418,148.559,0.346,169.717,199.542,1.984,2.0,2.0,lognormal,1000000
Set 4.3 TF (high SP)_EV302,52.5,105,113.75,6.12,150.12,119.583,13.125,150.56,119.448,28.082,157.263,210.0,7,10.143,94.805,119.442,6.544,94.805,119.071,0.354,136.432,162.67,1.984,2.0,2.0,lognormal,1000000
Set 4.3 TF (high SP)_EV303,73.0,146,158.167,8.09,208.73,166.278,18.25,209.35,166.09,39.047,218.671,292.0,7,10.143,131.932,166.088,8.649,131.932,165.636,0.321,188.299,220.986,2.009,2.0,2.0,lognormal,1000000
Set 4.3 TF (high SP)_EV304,59.0,118,127.833,6.91,168.7,134.389,14.75,169.2,134.237,31.559,176.734,236.0,7,10.143,106.231,134.238,7.383,106.231,133.82,0.354,153.336,184.886,1.987,2.0,2.0,lognormal,1000000
Set 4.3 TF (high SP)_EV305,58.5,117,126.75,6.91,167.27,133.25,14.625,167.76,133.099,31.291,175.236,234.0,7,10.143,103.772,133.105,7.386,103.772,132.671,0.362,152.332,183.515,2.021,2.0,2.0,lognormal,1000000
Set 4.3 TF (high SP)_EV306,61.5,123,133.25,6.92,175.85,140.083,15.375,176.37,139.925,32.896,184.223,246.0,7,10.143,111.73,139.918,7.409,111.73,139.516,0.337,159.055,186.569,1.96,2.0,2.0,lognormal,1000000
Set 4.3 TF (high SP)_EV307,71.0,142,153.833,8.22,203.01,161.722,17.75,203.61,161.539,37.977,212.68,284.0,7,10.143,128.692,161.532,8.802,128.692,161.056,0.337,184.26,223.351,1.979,2.0,2.0,lognormal,1000000
Set 4.3 TF (high SP)_EV308,62.5,125,135.417,7.25,178.71,142.361,15.625,179.24,142.2,33.431,187.218,250.0,8,9.375,111.966,142.206,7.771,111.966,141.758,0.361,162.378,192.969,2.044,2.0,2.0,lognormal,1000000
Set 4.3 TF (high SP)_EV309,62.5,125,135.417,7.34,178.71,142.361,15.625,179.24,142.2,33.431,187.218,250.0,7,10.143,113.631,142.21,7.86,113.631,141.757,0.355,162.541,192.504,2.077,2.0,2.0,lognormal,1000000
Set 4.3 TF (high SP)_EV310,65.0,130,140.833,7.91,185.86,148.056,16.25,186.4,147.888,34.768,194.707,260.0,7,10.143,116.032,147.889,8.471,116.032,147.377,0.37,169.982,220.497,1.959,2.0,2.0,lognormal,1000000
Set 4.3 TF (high SP)_EV311,61.5,123,133.25,7.23,175.85,140.083,15.375,176.37,139.925,32.896,184.223,246.0,7,10.143,110.286,139.933,7.735,110.286,139.488,0.355,160.013,194.586,1.99,2.0,2.0,lognormal,1000000
Set 4.3 TF (high SP)_EV312,75.0,150,162.5,8.05,214.45,170.833,18.75,215.08,170.64,40.117,224.662,300.0,7,10.143,138.901,170.643,8.615,138.901,170.202,0.31,192.709,220.893,1.99,2.0,2.0,lognormal,1000000
Set 4.3 TF (high SP)_EV313,68.5,137,148.417,7.77,195.87,156.028,17.125,196.44,155.851,36.64,205.191,274.0,8,9.375,123.959,155.864,8.311,123.959,155.417,0.336,177.278,208.599,2.02,2.0,2.0,lognormal,1000000
Set 4.3 TF (high SP)_EV314,70.0,140,151.667,7.76,200.16,159.444,17.5,200.74,159.264,37.442,209.684,280.0,7,10.143,125.798,159.267,8.299,125.798,158.823,0.327,180.657,218.856,1.979,2.0,2.0,lognormal,1000000
Set 4.3 TF (high SP)_EV315,72.0,144,156.0,8.36,205.87,164.0,18.0,206.48,163.815,38.512,215.675,288.0,7,10.143,127.112,163.815,8.95,127.112,163.301,0.345,186.941,227.592,2.009,2.0,2.0,lognormal,1000000
Set 4.3 TF (high SP)_EV316,63.5,127,137.583,7.41,181.57,144.639,15.875,182.1,144.475,33.966,190.214,254.0,7,10.143,112.386,144.468,7.933,112.386,144.035,0.34,164.949,201.58,2.006,2.0,2.0,lognormal,1000000
Set 4.3 TF (high SP)_EV317,64.5,129,139.75,7.27,184.43,146.917,16.125,184.97,146.751,34.501,193.209,258.0,7,10.143,117.18,146.754,7.779,117.18,146.341,0.323,166.737,201.488,1.972,2.0,2.0,lognormal,1000000
Set 4.3 TF (high SP)_EV318,56.5,113,122.417,6.55,161.55,128.694,14.125,162.03,128.549,30.221,169.245,226.0,7,10.143,102.13,128.55,7.018,102.13,128.15,0.353,146.738,172.132,1.995,2.0,2.0,lognormal,1000000
Set 4.3 TF (high SP)_EV319,66.5,133,144.083,7.57,190.15,151.472,16.625,190.71,151.301,35.57,199.2,266.0,7,10.143,116.891,151.292,8.096,116.891,150.851,0.333,172.105,199.575,1.997,2.0,2.0,lognormal,1000000
Set 4.3 TF (high SP)_EV320,80.0,160,173.333,8.7,228.75,182.222,20.0,229.42,182.016,42.791,239.639,320.0,7,10.143,144.615,182.018,9.306,144.615,181.556,0.313,205.85,237.768,2.055,2.0,2.0,lognormal,1000000
Set 4.3 TF (high SP)_EV321,79.5,159,172.25,8.95,227.32,181.083,19.875,227.99,180.879,42.524,238.142,318.0,7,10.143,146.056,180.874,9.572,146.056,180.383,0.315,205.404,243.001,1.99,2.0,2.0,lognormal,1000000
Set 4.3 TF (high SP)_EV322,75.0,150,162.5,8.64,214.45,170.833,18.75,215.08,170.64,40.117,224.662,300.0,7,10.143,134.91,170.634,9.243,134.91,170.128,0.34,194.47,226.505,1.986,2.0,2.0,lognormal,1000000
Set 4.3 TF (high SP)_EV323,80.5,161,174.417,8.92,230.18,183.361,20.125,230.86,183.154,43.059,241.137,322.0,7,10.143,143.748,183.149,9.545,143.748,182.638,0.322,207.59,247.018,2.024,2.0,2.0,lognormal,1000000
Set 4.3 TF (high SP)_EV324,69.0,138,149.5,8.02,197.3,157.167,17.25,197.88,156.989,36.908,206.689,276.0,7,10.143,126.109,156.986,8.584,126.109,156.514,0.339,179.162,212.562,2.024,2.0,2.0,lognormal,1000000
Set 4.3 TF (high SP)_EV325,68.0,136,147.333,7.62,194.44,154.889,17.0,195.01,154.714,36.373,203.693,272.0,7,10.143,124.192,154.719,8.15,124.192,154.273,0.334,175.744,211.706,2.004,2.0,2.0,lognormal,1000000
Set 4.3 TF (high SP)_EV326,56.0,112,121.333,6.6,160.12,127.556,14.0,160.59,127.411,29.954,167.748,224.0,7,10.143,101.505,127.423,7.061,101.505,127.012,0.358,145.736,174.094,1.997,2.0,2.0,lognormal,1000000
Set 4.3 TF (high SP)_EV327,58.5,117,126.75,6.84,167.27,133.25,14.625,167.76,133.099,31.291,175.236,234.0,7,10.143,103.908,133.118,7.328,103.908,132.694,0.36,152.157,178.501,2.002,2.0,2.0,lognormal,1000000
Set 4.3 TF (high SP)_EV328,61.0,122,132.167,7.35,174.42,138.944,15.25,174.93,138.787,32.628,182.725,244.0,7,10.143,108.126,138.777,7.859,108.126,138.318,0.369,159.224,186.475,1.967,2.0,2.0,lognormal,1000000
Set 4.3 TF (high SP)_EV329,63.5,127,137.583,7.64,181.57,144.639,15.875,182.1,144.475,33.966,190.214,254.0,7,10.143,112.521,144.479,8.181,112.521,144.006,0.36,165.693,201.93,1.997,2.0,2.0,lognormal,1000000
Set 4.3 TF (high SP)_EV330,67.5,135,146.25,7.71,193.01,153.75,16.875,193.57,153.576,36.105,202.196,270.0,7,10.143,121.802,153.575,8.247,121.802,153.126,0.342,174.844,207.136,1.999,2.0,2.0,lognormal,1000000
Set 4.3 TF (high SP)_EV331,65.0,130,140.833,7.52,185.86,148.056,16.25,186.4,147.888,34.768,194.707,260.0,7,10.143,117.814,147.893,8.055,117.814,147.436,0.352,168.763,203.677,1.997,2.0,2.0,lognormal,1000000
Set 4.3 TF (high SP)_EV332,66.5,133,144.083,7.5,190.15,151.472,16.625,190.71,151.301,35.57,199.2,266.0,7,10.143,118.368,151.297,8.024,118.368,150.85,0.34,172.004,208.125,2.017,2.0,2.0,lognormal,1000000
Set 4.3 TF (high SP)_EV333,59.5,119,128.917,7.11,170.13,135.528,14.875,170.63,135.375,31.826,178.232,238.0,7,10.143,106.296,135.369,7.598,106.296,134.901,0.376,155.192,181.111,1.989,2.0,2.0,lognormal,1000000
Set 4.3 TF (high SP)_EV334,66.0,132,143.0,7.27,188.72,150.333,16.5,189.27,150.163,35.303,197.702,264.0,7,10.143,120.645,150.162,7.772,120.645,149.759,0.322,170.093,205.717,1.95,2.0,2.0,lognormal,1000000
Set 4.3 TF (high SP)_EV335,67.0,134,145.167,7.81,191.58,152.611,16.75,192.14,152.439,35.838,200.698,268.0,7,10.143,120.511,152.436,8.358,120.511,151.969,0.341,173.95,206.85,2.031,2.0,2.0,lognormal,1000000
Set 4.3 TF (high SP)_EV336,58.5,117,126.75,7.0,167.27,133.25,14.625,167.76,133.099,31.291,175.236,234.0,7,10.143,105.548,133.105,7.501,105.548,132.655,0.375,152.627,181.431,1.99,2.0,2.0,lognormal,1000000
Set 4.3 TF (high SP)_EV337,67.0,134,145.167,7.62,191.58,152.611,16.75,192.14,152.439,35.838,200.698,268.0,7,10.143,121.648,152.429,8.151,121.648,151.968,0.342,173.518,203.881,1.994,2.0,2.0,lognormal,1000000
Set 4.3 TF (high SP)_EV338,66.0,132,143.0,7.95,188.72,150.333,16.5,189.27,150.163,35.303,197.702,264.0,7,10.143,119.51,150.152,8.5,119.51,149.649,0.365,172.278,204.465,1.998,2.0,2.0,lognormal,1000000
Set 4.3 TF (high SP)_EV339,64.5,129,139.75,7.32,184.43,146.917,16.125,184.97,146.751,34.501,193.209,258.0,7,10.143,117.869,146.748,7.823,117.869,146.319,0.34,166.925,209.543,2.001,2.0,2.0,lognormal,1000000
Set 4.3 TF (high SP)_EV340,82.5,165,178.75,9.07,235.9,187.917,20.625,236.59,187.704,44.129,247.128,330.0,7,10.143,150.606,187.702,9.712,150.606,187.188,0.319,212.611,247.449,1.995,2.0,2.0,lognormal,1000000
Set 4.3 TF (high SP)_EV341,74.0,148,160.333,8.31,211.59,168.556,18.5,212.21,168.365,39.582,221.666,296.0,7,10.143,135.762,168.364,8.896,135.762,167.887,0.322,191.153,222.421,1.994,2.0,2.0,lognormal,1000000
Set 4.3 TF (high SP)_EV342,66.5,133,144.083,7.6,190.15,151.472,16.625,190.71,151.301,35.57,199.2,266.0,7,10.143,120.397,151.296,8.128,120.397,150.846,0.338,172.277,203.841,1.992,2.0,2.0,lognormal,1000000
Set 4.3 TF (high SP)_EV343,59.0,118,127.833,6.92,168.7,134.389,14.75,169.2,134.237,31.559,176.734,236.0,7,10.143,107.151,134.242,7.401,107.151,133.817,0.361,153.507,193.355,2.057,2.0,2.0,lognormal,1000000
Set 4.3 TF (high SP)_EV344,57.5,115,124.583,6.76,164.41,130.972,14.375,164.9,130.824,30.756,172.241,230.0,7,10.143,104.463,130.819,7.235,104.463,130.391,0.368,149.666,175.719,2.032,2.0,2.0,lognormal,1000000
Set 4.3 TF (high SP)_EV345,55.0,110,119.167,6.6,157.27,125.278,13.75,157.73,125.136,29.419,164.752,220.0,7,10.143,99.093,125.139,7.069,99.093,124.719,0.368,143.552,172.625,1.99,2.0,2.0,lognormal,1000000
Set 4.3 TF (high SP)_EV346,70.0,140,151.667,7.76,200.16,159.444,17.5,200.74,159.264,37.442,209.684,280.0,7,10.143,127.531,159.263,8.308,127.531,158.819,0.326,180.643,211.467,2.01,2.0,2.0,lognormal,1000000
Set 4.3 TF (high SP)_EV347,74.0,148,160.333,8.28,211.59,168.556,18.5,212.21,168.365,39.582,221.666,296.0,7,10.143,131.976,168.367,8.868,131.976,167.884,0.336,191.254,238.382,2.004,2.0,2.0,lognormal,1000000
Set 4.3 TF (high SP)_EV348,59.0,118,127.833,6.9,168.7,134.389,14.75,169.2,134.237,31.559,176.734,236.0,7,10.143,106.587,134.237,7.386,106.587,133.799,0.364,153.43,184.436,1.998,2.0,2.0,lognormal,1000000
Set 4.3 TF (high SP)_EV349,62.5,125,135.417,7.36,178.71,142.361,15.625,179.24,142.2,33.431,187.218,250.0,7,10.143,112.946,142.206,7.87,112.946,141.755,0.355,162.583,199.585,1.976,2.0,2.0,lognormal,1000000
Set 4.3 TF (high SP)_EV350,66.5,133,144.083,7.6,190.15,151.472,16.625,190.71,151.301,35.57,199.2,266.0,7,10.143,119.031,151.303,8.118,119.031,150.856,0.338,172.241,198.917,2.008,2.0,2.0,lognormal,1000000
Set 4.3 TF (high SP)_EV351,51.0,102,110.5,6.16,145.83,116.167,12.75,146.26,116.035,27.28,152.77,204.0,7,10.143,91.39,116.04,6.595,91.39,115.632,0.383,133.299,163.204,1.995,2.0,2.0,lognormal,1000000
Set 4.3 TF (high SP)_EV352,70.5,141,152.75,7.94,201.59,160.583,17.625,202.18,160.402,37.71,211.182,282.0,7,10.143,127.187,160.409,8.506,127.187,159.952,0.332,182.328,213.436,1.988,2.0,2.0,lognormal,1000000
Set 4.3 TF (high SP)_EV353,60.5,121,131.083,7.0,172.99,137.806,15.125,173.5,137.65,32.361,181.227,242.0,7,10.143,110.015,137.652,7.499,110.015,137.231,0.342,157.033,183.307,1.959,2.0,2.0,lognormal,1000000
Set 4.3 TF (high SP)_EV354,73.0,146,158.167,8.14,208.73,166.278,18.25,209.35,166.09,39.047,218.671,292.0,7,10.143,131.651,166.086,8.711,131.651,165.626,0.328,188.51,224.09,1.99,2.0,2.0,lognormal,1000000
Set 4.3 TF (high SP)_EV355,63.5,127,137.583,7.12,181.57,144.639,15.875,182.1,144.475,33.966,190.214,254.0,7,10.143,115.519,144.467,7.614,115.519,144.051,0.339,164.123,192.342,2.021,2.0,2.0,lognormal,1000000
Set 4.3 TF (high SP)_EV356,66.0,132,143.0,7.59,188.72,150.333,16.5,189.27,150.163,35.303,197.702,264.0,7,10.143,115.307,150.168,8.117,115.307,149.72,0.338,171.112,210.066,2.02,2.0,2.0,lognormal,1000000
Set 4.3 TF (high SP)_EV357,74.5,149,161.417,8.5,213.02,169.694,18.625,213.65,169.503,39.849,223.164,298.0,7,10.143,134.752,169.497,9.103,134.752,168.999,0.331,192.897,228.301,1.999,2.0,2.0,lognormal,1000000
Set 4.3 TF (high SP)_EV358,68.0,136,147.333,7.57,194.44,154.889,17.0,195.01,154.714,36.373,203.693,272.0,7,10.143,122.392,154.712,8.099,122.392,154.277,0.333,175.583,203.382,2.061,2.0,2.0,lognormal,1000000
Set 4.3 TF (high SP)_EV359,57.5,115,124.583,6.97,164.41,130.972,14.375,164.9,130.824,30.756,172.241,230.0,7,10.143,103.947,130.829,7.46,103.947,130.376,0.373,150.23,179.079,1.983,2.0,2.0,lognormal,1000000
Set 4.3 TF (high SP)_EV360,63.0,126,136.5,7.47,180.14,143.5,15.75,180.67,143.338,33.698,188.716,252.0,7,10.143,113.038,143.342,8.003,113.038,142.866,0.371,164.148,197.015,2.021,2.0,2.0,lognormal,1000000
Set 4.3 TF (high SP)_EV361,58.0,116,125.667,6.83,165.84,132.111,14.5,166.33,131.962,31.024,173.739,232.0,7,10.143,104.048,131.96,7.305,104.048,131.518,0.371,150.985,177.957,1.982,2.0,2.0,lognormal,1000000
Set 4.3 TF (high SP)_EV362,72.5,145,157.083,8.34,207.3,165.139,18.125,207.91,164.952,38.78,217.173,290.0,7,10.143,132.887,164.951,8.914,132.887,164.482,0.329,187.929,222.554,2.022,2.0,2.0,lognormal,1000000
Set 4.3 TF (high SP)_EV363,77.5,155,167.917,8.88,221.6,176.528,19.375,222.25,176.328,41.454,232.151,310.0,7,10.143,138.944,176.321,9.492,138.944,175.829,0.325,200.774,237.118,1.958,2.0,2.0,lognormal,1000000
Set 4.3 TF (high SP)_EV364,70.0,140,151.667,7.72,200.16,159.444,17.5,200.74,159.264,37.442,209.684,280.0,7,10.143,128.999,159.262,8.26,128.999,158.842,0.32,180.461,213.962,1.982,2.0,2.0,lognormal,1000000
Set 4.3 TF (high SP)_EV365,77.0,154,166.833,8.55,220.17,175.389,19.25,220.82,175.191,41.187,230.653,308.0,7,10.143,139.745,175.191,9.158,139.745,174.707,0.325,198.753,240.523,2.009,2.0,2.0,lognormal,1000000
Set 4.3 TF (high SP)_EV366,70.5,141,152.75,8.16,201.59,160.583,17.625,202.18,160.402,37.71,211.182,282.0,7,10.143,127.15,160.406,8.71,127.15,159.928,0.338,182.805,218.205,2.013,2.0,2.0,lognormal,1000000
Set 4.3 TF (high SP)_EV367,75.0,150,162.5,8.34,214.45,170.833,18.75,215.08,170.64,40.117,224.662,300.0,7,10.143,136.412,170.632,8.918,136.412,170.174,0.315,193.512,221.334,2.039,2.0,2.0,lognormal,1000000
Set 4.3 TF (high SP)_EV368,68.5,137,148.417,7.7,195.87,156.028,17.125,196.44,155.851,36.64,205.191,274.0,7,10.143,122.574,155.84,8.236,122.574,155.395,0.335,177.042,214.849,2.029,2.0,2.0,lognormal,1000000
Set 4.3 TF (high SP)_EV369,59.5,119,128.917,7.13,170.13,135.528,14.875,170.63,135.375,31.826,178.232,238.0,7,10.143,108.087,135.387,7.63,108.087,134.943,0.364,155.18,182.437,2.004,2.0,2.0,lognormal,1000000
Set 4.3 TF (high SP)_EV370,69.5,139,150.583,8.0,198.73,158.306,17.375,199.31,158.127,37.175,208.187,278.0,7,10.143,124.916,158.114,8.556,124.916,157.638,0.34,180.184,212.775,2.005,2.0,2.0,lognormal,1000000
Set 4.3 TF (high SP)_EV371,74.0,148,160.333,8.16,211.59,168.556,18.5,212.21,168.365,39.582,221.666,296.0,7,10.143,135.506,168.366,8.729,135.506,167.914,0.32,190.749,228.022,1.981,2.0,2.0,lognormal,1000000
Set 4.3 TF (high SP)_EV372,61.5,123,133.25,7.0,175.85,140.083,15.375,176.37,139.925,32.896,184.223,246.0,7,10.143,112.947,139.918,7.478,112.947,139.509,0.337,159.247,192.292,1.958,2.0,2.0,lognormal,1000000
Set 4.3 TF (high SP)_EV373,53.5,107,115.917,6.25,152.98,121.861,13.375,153.43,121.723,28.617,160.259,214.0,7,10.143,97.933,121.729,6.698,97.933,121.33,0.376,139.2,170.751,1.998,2.0,2.0,lognormal,1000000
Set 4.3 TF (high SP)_EV374,59.0,118,127.833,6.76,168.7,134.389,14.75,169.2,134.237,31.559,176.734,236.0,7,10.143,106.309,134.24,7.236,106.309,133.831,0.349,152.969,182.023,1.973,2.0,2.0,lognormal,1000000
Set 4.3 TF (high SP)_EV375,57.5,115,124.583,6.75,164.41,130.972,14.375,164.9,130.824,30.756,172.241,230.0,7,10.143,102.81,130.832,7.22,102.81,130.404,0.369,149.599,181.786,2.019,2.0,2.0,lognormal,1000000
Set 4.3 TF (high SP)_EV376,64.0,128,138.667,7.48,183.0,145.778,16.0,183.54,145.613,34.233,191.711,256.0,7,10.143,115.885,145.594,8.008,115.885,145.136,0.356,166.377,196.47,2.016,2.0,2.0,lognormal,1000000
Set 4.3 TF (high SP)_EV377,60.0,120,130.0,7.22,171.56,136.667,15.0,172.07,136.512,32.094,179.729,240.0,7,10.143,107.373,136.511,7.719,107.373,136.042,0.373,156.631,184.25,1.966,2.0,2.0,lognormal,1000000
Set 4.3 TF (high SP)_EV378,67.0,134,145.167,7.51,191.58,152.611,16.75,192.14,152.439,35.838,200.698,268.0,7,10.143,119.882,152.429,8.031,119.882,151.985,0.338,173.136,201.293,1.992,2.0,2.0,lognormal,1000000
Set 4.3 TF (high SP)_EV379,71.5,143,154.917,8.2,204.44,162.861,17.875,205.05,162.677,38.245,214.178,286.0,8,9.625,129.001,162.665,8.772,129.001,162.191,0.332,185.27,223.399,2.039,2.0,2.0,lognormal,1000000
Set 4.3 TF (high SP)_EV380,70.5,141,152.75,8.01,201.59,160.583,17.625,202.18,160.402,37.71,211.182,282.0,7,10.143,126.539,160.38,8.565,126.539,159.92,0.329,182.404,215.951,1.971,2.0,2.0,lognormal,1000000
Set 4.3 TF (high SP)_EV381,65.0,130,140.833,7.37,185.86,148.056,16.25,186.4,147.888,34.768,194.707,260.0,7,10.143,115.433,147.9,7.888,115.433,147.462,0.342,168.245,198.259,2.007,2.0,2.0,lognormal,1000000
Set 4.3 TF (high SP)_EV382,63.0,126,136.5,7.35,180.14,143.5,15.75,180.67,143.338,33.698,188.716,252.0,7,10.143,113.599,143.345,7.859,113.599,142.898,0.344,163.596,194.734,1.993,2.0,2.0,lognormal,1000000
Set 4.3 TF (high SP)_EV383,69.5,139,150.583,7.5,198.73,158.306,17.375,199.31,158.127,37.175,208.187,278.0,7,10.143,126.685,158.117,8.029,126.685,157.723,0.307,178.655,210.816,2.031,2.0,2.0,lognormal,1000000
Set 4.3 TF (high SP)_EV384,62.5,125,135.417,7.4,178.71,142.361,15.625,179.24,142.2,33.431,187.218,250.0,7,10.143,112.786,142.208,7.908,112.786,141.741,0.36,162.742,197.196,2.017,2.0,2.0,lognormal,1000000
Set 4.3 TF (high SP)_EV385,66.0,132,143.0,7.57,188.72,150.333,16.5,189.27,150.163,35.303,197.702,264.0,7,10.143,121.156,150.168,8.093,121.156,149.723,0.335,171.055,200.877,2.011,2.0,2.0,lognormal,1000000
Set 4.3 TF (high SP)_EV386,71.0,142,153.833,7.97,203.01,161.722,17.75,203.61,161.539,37.977,212.68,284.0,7,10.143,130.089,161.524,8.526,130.089,161.062,0.33,183.416,216.758,2.018,2.0,2.0,lognormal,1000000
Set 4.3 TF (high SP)_EV387,64.0,128,138.667,7.42,183.0,145.778,16.0,183.54,145.613,34.233,191.711,256.0,8,9.375,115.847,145.605,7.923,115.847,145.156,0.351,166.072,196.954,2.031,2.0,2.0,lognormal,1000000
Set 4.3 TF (high SP)_EV388,87.0,174,188.5,9.41,248.76,198.167,21.75,249.5,197.943,46.536,260.608,348.0,7,10.143,157.474,197.938,10.05,157.474,197.434,0.308,223.695,259.742,2.008,2.0,2.0,lognormal,1000000
Set 4.3 TF (high SP)_EV389,76.0,152,164.667,8.42,217.31,173.111,19.0,217.95,172.916,40.652,227.657,304.0,7,10.143,137.253,172.908,9.014,137.253,172.426,0.33,196.104,233.828,2.038,2.0,2.0,lognormal,1000000
Set 4.3 TF (high SP)_EV390,67.0,134,145.167,7.61,191.58,152.611,16.75,192.14,152.439,35.838,200.698,268.0,7,10.143,121.447,152.444,8.135,121.447,151.996,0.34,173.461,203.926,1.966,2.0,2.0,lognormal,1000000
Set 4.3 TF (high SP)_EV391,77.0,154,166.833,8.37,220.17,175.389,19.25,220.82,175.191,41.187,230.653,308.0,7,10.143,139.493,175.191,8.959,139.493,174.746,0.307,198.022,230.649,2.017,2.0,2.0,lognormal,1000000
Set 4.3 TF (high SP)_EV392,55.0,110,119.167,6.75,157.27,125.278,13.75,157.73,125.136,29.419,164.752,220.0,7,10.143,97.417,125.14,7.233,97.417,124.704,0.376,144.023,176.319,2.018,2.0,2.0,lognormal,1000000
Set 4.3 TF (high SP)_EV393,78.5,157,170.083,8.72,224.46,178.806,19.625,225.12,178.604,41.989,235.146,314.0,7,10.143,143.28,178.579,9.326,143.28,178.094,0.318,202.505,233.646,2.007,2.0,2.0,lognormal,1000000
Set 4.3 TF (high SP)_EV394,61.0,122,132.167,7.04,174.42,138.944,15.25,174.93,138.787,32.628,182.725,244.0,7,10.143,110.202,138.787,7.536,110.202,138.36,0.345,158.252,190.933,1.989,2.0,2.0,lognormal,1000000
Set 4.3 TF (high SP)_EV395,73.5,147,159.25,8.06,210.16,167.417,18.375,210.78,167.227,39.315,220.169,294.0,7,10.143,135.095,167.229,8.615,135.095,166.795,0.309,189.259,220.283,1.991,2.0,2.0,lognormal,1000000
Set 4.3 TF (high SP)_EV396,74.0,148,160.333,8.41,211.59,168.556,18.5,212.21,168.365,39.582,221.666,296.0,7,10.143,134.535,168.355,8.989,134.535,167.871,0.333,191.522,226.898,1.993,2.0,2.0,lognormal,1000000
Set 4.3 TF (high SP)_EV397,60.0,120,130.0,7.06,171.56,136.667,15.0,172.07,136.512,32.094,179.729,240.0,7,10.143,107.853,136.51,7.553,107.853,136.068,0.356,156.073,183.493,1.993,2.0,2.0,lognormal,1000000
Set 4.3 TF (high SP)_EV398,53.0,106,114.833,6.19,151.55,120.722,13.25,151.99,120.586,28.349,158.761,212.0,7,10.143,95.077,120.574,6.625,95.077,120.192,0.349,137.682,163.701,2.02,2.0,2.0,lognormal,1000000
Set 4.3 TF (high SP)_EV399,68.0,136,147.333,7.85,194.44,154.889,17.0,195.01,154.714,36.373,203.693,272.0,7,10.143,122.337,154.705,8.399,122.337,154.243,0.342,176.356,208.867,1.985,2.0,2.0,lognormal,1000000
Set 4.3 TF (high SP)_EV400,62.0,124,134.333,7.4,177.28,141.222,15.5,177.8,141.063,33.163,185.72,248.0,7,10.143,111.971,141.066,7.907,111.971,140.606,0.363,161.677,192.713,1.993,2.0,2.0,lognormal,1000000
